1744125767607 0.0 0
1744125788750 1.0 1
1744125809484 2.0 2
1744125831273 3.0 3
1744125851534 4.0 4
1744125871601 5.0 5
1744125891826 6.0 6
1744125912023 7.0 7
1744125934604 8.0 8
1744125957441 9.0 9
1744125979475 10.0 10
1744126002203 11.0 11
1744126025324 12.0 12
1744126048997 13.0 13
1744126069740 14.0 14
1744126089884 15.0 15
1744126110420 16.0 16
1744126130528 17.0 17
1744126150288 18.0 18
1744126171743 19.0 19
1744126190906 20.0 20
1744126211111 21.0 21
1744126231398 22.0 22
1744126250835 23.0 23
1744126271020 24.0 24
1744126291435 25.0 25
1744126312811 26.0 26
1744126334628 27.0 27
1744126355048 28.0 28
1744126377775 29.0 29
