1744037815778 0.0 0
1744037843532 1.0 1
1744037878221 2.0 2
1744037914652 3.0 3
1744037950838 4.0 4
1744037984641 5.0 5
1744038016791 6.0 6
1744038049720 7.0 7
1744038080837 8.0 8
1744038116741 9.0 9
1744038151524 10.0 10
1744038185620 11.0 11
1744038223402 12.0 12
1744038262194 13.0 13
1744038300730 14.0 14
1744038338653 15.0 15
1744038377724 16.0 16
1744038415331 17.0 17
1744038451240 18.0 18
1744038487363 19.0 19
1744038521634 20.0 20
1744038551325 21.0 21
1744038581899 22.0 22
1744038613655 23.0 23
1744038645921 24.0 24
1744038674912 25.0 25
1744038705998 26.0 26
1744038739331 27.0 27
1744038773975 28.0 28
1744038810775 29.0 29
