1744040991961 0.0 0
1744041022430 1.0 1
1744041052525 2.0 2
1744041086097 3.0 3
1744041120140 4.0 4
1744041153420 5.0 5
1744041181169 6.0 6
1744041209408 7.0 7
1744041239018 8.0 8
1744041274876 9.0 9
1744041308761 10.0 10
1744041337262 11.0 11
1744041369733 12.0 12
1744041408773 13.0 13
1744041443588 14.0 14
1744041483281 15.0 15
1744041519871 16.0 16
1744041549413 17.0 17
1744041578001 18.0 18
1744041607228 19.0 19
1744041637024 20.0 20
1744041667801 21.0 21
1744041698512 22.0 22
1744041729805 23.0 23
1744041757606 24.0 24
1744041783596 25.0 25
1744041812280 26.0 26
1744041841596 27.0 27
1744041870736 28.0 28
1744041900051 29.0 29
