1744038934910 0.0 0
1744038970121 1.0 1
1744039008470 2.0 2
1744039046062 3.0 3
1744039081216 4.0 4
1744039116432 5.0 5
1744039152733 6.0 6
1744039186168 7.0 7
1744039217387 8.0 8
1744039249428 9.0 9
1744039282780 10.0 10
1744039314480 11.0 11
1744039344338 12.0 12
1744039381329 13.0 13
1744039428378 14.0 14
1744039466547 15.0 15
1744039500140 16.0 16
1744039532822 17.0 17
1744039571486 18.0 18
1744039608666 19.0 19
1744039639163 20.0 20
1744039668283 21.0 21
1744039703041 22.0 22
1744039733424 23.0 23
1744039761500 24.0 24
1744039788578 25.0 25
1744039815990 26.0 26
1744039841475 27.0 27
1744039867431 28.0 28
1744039892274 29.0 29
