1744019399113 0.0 0
1744019414923 1.0 1
1744019431043 2.0 2
1744019447203 3.0 3
1744019464236 4.0 4
1744019480737 5.0 5
1744019496875 6.0 6
1744019513187 7.0 7
1744019529249 8.0 8
1744019545274 9.0 9
1744019561814 10.0 10
1744019577916 11.0 11
1744019593667 12.0 12
1744019609368 13.0 13
1744019625525 14.0 14
1744019641535 15.0 15
1744019657454 16.0 16
1744019674242 17.0 17
1744019689939 18.0 18
1744019705875 19.0 19
1744019721861 20.0 20
1744019737748 21.0 21
1744019754088 22.0 22
1744019770223 23.0 23
1744019786297 24.0 24
1744019803068 25.0 25
1744019821705 26.0 26
1744019840372 27.0 27
1744019858884 28.0 28
1744019877302 29.0 29
