1744116093845 0.0 0
1744116113131 1.0 1
1744116132364 2.0 2
1744116151264 3.0 3
1744116170328 4.0 4
1744116189298 5.0 5
1744116208354 6.0 6
1744116227191 7.0 7
1744116246130 8.0 8
1744116265451 9.0 9
1744116284330 10.0 10
1744116303854 11.0 11
1744116324518 12.0 12
1744116344438 13.0 13
1744116363532 14.0 14
1744116382387 15.0 15
1744116401554 16.0 16
1744116420569 17.0 17
1744116439533 18.0 18
1744116458449 19.0 19
1744116477639 20.0 20
1744116496910 21.0 21
1744116515899 22.0 22
1744116535002 23.0 23
1744116553931 24.0 24
1744116572722 25.0 25
1744116591482 26.0 26
