1744116093821 0.8017501108383778 0
1744116113111 0.7553331714932593 1
1744116132340 0.7457396342531476 2
1744116151244 0.6355145740172062 3
1744116170312 0.5251212286431337 4
1744116189279 0.5207524060370785 5
1744116208329 0.4968121250498422 6
1744116227168 0.4444958777338381 7
1744116246107 0.45742121833625016 8
1744116265430 0.45868246912592997 9
1744116284309 0.426519120188757 10
1744116303829 0.4040775792603645 11
1744116324490 0.39244891744984 12
1744116344422 0.3768369704220665 13
1744116363508 0.3633969381273028 14
1744116382366 0.3802910191634905 15
1744116401533 0.3450097944320258 16
1744116420548 0.364340104894994 17
1744116439510 0.35429870555223814 18
1744116458428 0.3639609929411671 19
1744116477619 0.32811881469368 20
1744116496886 0.30389039891117414 21
1744116515877 0.34277638696789053 22
1744116534984 0.36241626974239993 23
1744116553911 0.3366112293468686 24
1744116572702 0.30002214882614675 25
1744116591461 0.2836480245189165 26
