1744116093821 0.8017501337606399 0
1744116113111 0.755333174203263 1
1744116132340 0.74573964808808 2
1744116151244 0.6355145900953011 3
1744116170312 0.5251212333802318 4
1744116189279 0.5207524254429535 5
1744116208329 0.49681213339332675 6
1744116227168 0.4444958842435821 7
1744116246107 0.4574212268239162 8
1744116265430 0.45868247808491597 9
1744116284309 0.4265191325398742 10
1744116303829 0.40407758633621405 11
1744116324490 0.3924489288789327 12
1744116344422 0.3768369788761999 13
1744116363508 0.363396941516243 14
1744116382366 0.3802910246809975 15
1744116401533 0.34500980267270664 16
1744116420548 0.3643401138118056 17
1744116439510 0.35429871729651435 18
1744116458428 0.36396100372076035 19
1744116477619 0.3281188216365752 20
1744116496886 0.30389040555866037 21
1744116515877 0.34277639440337165 22
1744116534984 0.36241627570058477 23
1744116553911 0.33661123499518536 24
1744116572702 0.30002215584037734 25
1744116591461 0.2836480311682967 26
