1744116093821 0.11511805612259221 0
1744116113111 0.12350080485838738 1
1744116132340 -0.08053668720843069 2
1744116151244 0.18853355176115383 3
1744116170312 0.3851278811001797 4
1744116189279 0.22823063397959964 5
1744116208329 0.381161905757417 6
1744116227168 0.3835694918695213 7
1744116246107 0.44131157940936033 8
1744116265430 0.2967411695182736 9
1744116284309 0.32775319252429996 10
1744116303829 0.4842224649127116 11
1744116324490 0.46077919635298087 12
1744116344422 0.5030249906354771 13
1744116363508 0.5355850902022345 14
1744116382366 0.5208056148032904 15
1744116401533 0.5268147902333501 16
1744116420548 0.5479024195764493 17
1744116439510 0.3351408293335641 18
1744116458428 0.4653548418053131 19
1744116477619 0.4815425551667139 20
1744116496886 0.5468778783111693 21
1744116515877 0.42574751269098265 22
1744116534984 0.5119969097401837 23
1744116553911 0.5571903049057143 24
1744116572702 0.6012479031218178 25
1744116591461 0.6439469264342371 26
