1744116093821 0.7045346185533187 0
1744116113111 0.6576557641745865 1
1744116132340 0.6583528737788203 2
1744116151244 0.6051532621654463 3
1744116170312 0.5398909523992805 4
1744116189279 0.5482300470871951 5
1744116208329 0.5275493967103839 6
1744116227168 0.5078663334343327 7
1744116246107 0.5201010866771335 8
1744116265430 0.5098873107026133 9
1744116284309 0.4937011914998243 10
1744116303829 0.48203915205664544 11
1744116324490 0.45862098187119116 12
1744116344422 0.4749648353330475 13
1744116363508 0.45022194198666066 14
1744116382366 0.46789754855209864 15
1744116401533 0.4508365556563357 16
1744116420548 0.45263633149424115 17
1744116439510 0.4412214441045539 18
1744116458428 0.44971989577908394 19
1744116477619 0.4275070124899948 20
1744116496886 0.41066813008221065 21
1744116515877 0.4345860005411081 22
1744116534984 0.4482077358378342 23
1744116553911 0.42809302025446616 24
1744116572702 0.4069722370971045 25
1744116591461 0.40068166481185946 26
