1744025667338 0.0 0
1744025683037 1.0 1
1744025698427 2.0 2
1744025713886 3.0 3
1744025729938 4.0 4
1744025745468 5.0 5
1744025761075 6.0 6
1744025776444 7.0 7
1744025791865 8.0 8
1744025807158 9.0 9
1744025822700 10.0 10
1744025838234 11.0 11
1744025853610 12.0 12
1744025869009 13.0 13
1744025884438 14.0 14
1744025899582 15.0 15
1744025915610 16.0 16
1744025930994 17.0 17
1744025946238 18.0 18
1744025961892 19.0 19
1744025977309 20.0 20
1744025992514 21.0 21
1744026007751 22.0 22
1744026023105 23.0 23
1744026038145 24.0 24
1744026053252 25.0 25
1744026068706 26.0 26
1744026083861 27.0 27
1744026099878 28.0 28
1744026115106 29.0 29
