1742395846341 0.0 0
1742395875544 1.0 1
1742395903166 2.0 2
1742395928224 3.0 3
1742395954250 4.0 4
1742395977481 5.0 5
1742396003861 6.0 6
1742396036586 7.0 7
1742396071085 8.0 8
1742396099326 9.0 9
1742396132633 10.0 10
1742396160547 11.0 11
1742396187163 12.0 12
1742396215175 13.0 13
1742396247814 14.0 14
1742396282709 15.0 15
1742396319841 16.0 16
1742396348689 17.0 17
1742396378008 18.0 18
1742396405279 19.0 19
1742396442248 20.0 20
1742396474129 21.0 21
1742396500770 22.0 22
1742396525378 23.0 23
1742396551471 24.0 24
1742396576210 25.0 25
