1742395846312 nan 0
1742395875520 nan 1
1742395903137 nan 2
1742395928199 nan 3
1742395954226 nan 4
1742395977453 nan 5
1742396003831 nan 6
1742396036551 nan 7
1742396071057 nan 8
1742396099298 nan 9
1742396132601 nan 10
1742396160516 nan 11
1742396187139 nan 12
1742396215132 nan 13
1742396247777 nan 14
1742396282667 nan 15
1742396319808 nan 16
1742396348653 nan 17
1742396377977 nan 18
1742396405243 nan 19
1742396442218 nan 20
1742396474100 nan 21
1742396500741 nan 22
1742396525354 nan 23
1742396551446 nan 24
1742396576175 nan 25
