1742395846312 0.7956456137118769 0
1742395875520 0.5719817959566097 1
1742395903137 0.680904072694114 2
1742395928199 0.582728085596664 3
1742395954226 0.4909638374524771 4
1742395977453 0.42774859174597457 5
1742396003831 0.4748469479992741 6
1742396036551 0.38627277042899955 7
1742396071057 0.4213625428373696 8
1742396099298 0.4724037772136145 9
1742396132601 0.3615067788842516 10
1742396160516 0.3484451642687448 11
1742396187139 0.3547515333859158 12
1742396215132 0.3358125075789504 13
1742396247777 0.3454199008887909 14
1742396282667 0.3292710621398492 15
1742396319808 0.3086546946194817 16
1742396348653 0.316189748815215 17
1742396377977 0.29360341207414375 18
1742396405243 0.3017188250621567 19
1742396442218 0.266072843559697 20
1742396474100 0.2580220561902054 21
1742396500741 0.2946004625638855 22
1742396525354 0.2979469843911099 23
1742396551446 0.29052269993899543 24
1742396576175 0.28933545742489275 25
