1742395846312 0.7956456013756698 0
1742395875520 0.5719817830402343 1
1742395903137 0.6809040621594816 2
1742395928199 0.5827280714894172 3
1742395954226 0.49096382710105574 4
1742395977453 0.42774859562394074 5
1742396003831 0.47484694170902986 6
1742396036551 0.3862727590088473 7
1742396071057 0.4213625382570947 8
1742396099298 0.47240376964089326 9
1742396132601 0.36150677184589575 10
1742396160516 0.348445158619739 11
1742396187139 0.3547515302102585 12
1742396215132 0.33581250283073205 13
1742396247777 0.3454198932855344 14
1742396282667 0.32927105470453616 15
1742396319808 0.3086546912453458 16
1742396348653 0.3161897475632732 17
1742396377977 0.2936034099366821 18
1742396405243 0.3017188173367596 19
1742396442218 0.26607283442968227 20
1742396474100 0.2580220514572546 21
1742396500741 0.29460045900653864 22
1742396525354 0.29794697625348804 23
1742396551446 0.2905226966259299 24
1742396576175 0.2893354486765676 25
