1742395846312 0.684188576018224 0
1742395875520 0.5985760152584216 1
1742395903137 0.6134925830315371 2
1742395928199 0.582918503001088 3
1742395954226 0.5505730153717956 4
1742395977453 0.5081065394839303 5
1742396003831 0.5149691816968996 6
1742396036551 0.4721083545782527 7
1742396071057 0.4844762841697599 8
1742396099298 0.5091108022654642 9
1742396132601 0.4713370702305778 10
1742396160516 0.4452184835662607 11
1742396187139 0.4571080480198391 12
1742396215132 0.4346048609643686 13
1742396247777 0.4530187486747249 14
1742396282667 0.43317593047853375 15
1742396319808 0.42161658155869264 16
1742396348653 0.42587054911695543 17
1742396377977 0.4166812806344423 18
1742396405243 0.4097737759107449 19
1742396442218 0.39586476016728606 20
1742396474100 0.3931197731709871 21
1742396500741 0.4100231966156451 22
1742396525354 0.4187206800599567 23
1742396551446 0.414570292244192 24
1742396576175 0.4033157089572461 25
