1744082161020 0.0 0
1744082186932 1.0 1
1744082211305 2.0 2
1744082235834 3.0 3
1744082261948 4.0 4
1744082288445 5.0 5
1744082315649 6.0 6
1744082344019 7.0 7
1744082372659 8.0 8
1744082400948 9.0 9
1744082429567 10.0 10
1744082456949 11.0 11
1744082489518 12.0 12
1744082521094 13.0 13
1744082553136 14.0 14
1744082585554 15.0 15
1744082620453 16.0 16
1744082655057 17.0 17
1744082690842 18.0 18
1744082723089 19.0 19
1744082747544 20.0 20
1744082775111 21.0 21
1744082803863 22.0 22
1744082832035 23.0 23
1744082860659 24.0 24
1744082886494 25.0 25
1744082912609 26.0 26
