1744082160985 0.8479599261079644 0
1744082186898 0.624300107117262 1
1744082211269 0.5471111250306632 2
1744082235801 0.47784887143557936 3
1744082261910 0.4128287874045917 4
1744082288416 0.3993708757958815 5
1744082315615 0.4066002405485248 6
1744082343986 0.4005866821570211 7
1744082372617 0.3742699513155688 8
1744082400926 0.36481277166963966 9
1744082429533 0.33474680653184813 10
1744082456913 0.33747462645473414 11
1744082489474 0.3182041194158935 12
1744082521027 0.3145023640753345 13
1744082553096 0.2982301890112226 14
1744082585516 0.2909029575885041 15
1744082620418 0.29980827464097604 16
1744082655022 0.2874752057167541 17
1744082690802 0.28670697120485694 18
1744082723050 0.27917114468925075 19
1744082747511 0.2701709691564834 20
1744082775072 0.2817274144081375 21
1744082803818 0.27738322902958823 22
1744082832002 0.2686770242027151 23
1744082860629 0.2593416743911516 24
1744082886454 0.24042175866078347 25
1744082912567 0.253226482744792 26
