1744082160985 0.7323636323187075 0
1744082186898 0.6181682497319743 1
1744082211269 0.5584334434377316 2
1744082235801 0.5203861954398605 3
1744082261910 0.4786468020083792 4
1744082288416 0.4766595773082757 5
1744082315615 0.4663356456629235 6
1744082343986 0.46233718389516504 7
1744082372617 0.45609157165944025 8
1744082400926 0.4526428292857528 9
1744082429533 0.42475829834943796 10
1744082456913 0.4220036491838746 11
1744082489474 0.40767719843121986 12
1744082521027 0.4067923771592266 13
1744082553096 0.39180422085185906 14
1744082585516 0.39294323624732597 15
1744082620418 0.3982605556650769 16
1744082655022 0.398201460257642 17
1744082690802 0.4012013896970396 18
1744082723050 0.3818251493534573 19
1744082747511 0.37602226340090783 20
1744082775072 0.3897656183040557 21
1744082803818 0.3830208989727213 22
1744082832002 0.3789913234728714 23
1744082860629 0.3725186421410976 24
1744082886454 0.35707396243971473 25
1744082912567 0.36863816445276926 26
