1744082160985 0.029378914855546227 0
1744082186898 0.3014641083215612 1
1744082211269 0.4108785465645525 2
1744082235801 0.45785969970406853 3
1744082261910 0.5352169782500042 4
1744082288416 0.5665724109893922 5
1744082315615 0.5382581993991666 6
1744082343986 0.49855559373682035 7
1744082372617 0.5093030968078711 8
1744082400926 0.5655792499826913 9
1744082429533 0.6059062211769813 10
1744082456913 0.6116188147348688 11
1744082489474 0.5978218595195727 12
1744082521027 0.6178874247876234 13
1744082553096 0.6800952697017101 14
1744082585516 0.6571815962162683 15
1744082620418 0.6589227396802281 16
1744082655022 0.6519716799391271 17
1744082690802 0.6743695768061885 18
1744082723050 0.689464764728463 19
1744082747511 0.6918474509104084 20
1744082775072 0.6704280338944972 21
1744082803818 0.6908246986785048 22
1744082832002 0.6796385325414371 23
1744082860629 0.668726025272749 24
1744082886454 0.723110973319524 25
1744082912567 0.6964519875657683 26
