1744082160985 0.8479599785513994 0
1744082186898 0.6243001386159803 1
1744082211269 0.5471111506950564 2
1744082235801 0.4778488958027305 3
1744082261910 0.41282880651514703 4
1744082288416 0.39937089856077984 5
1744082315615 0.4066002690574018 6
1744082343986 0.40058671056133943 7
1744082372617 0.3742699761216233 8
1744082400926 0.3648127928012755 9
1744082429533 0.33474682089759084 10
1744082456913 0.33747464909059244 11
1744082489474 0.31820413552042914 12
1744082521027 0.3145023816969337 13
1744082553096 0.2982302092742629 14
1744082585516 0.29090296931383086 15
1744082620418 0.29980829594338815 16
1744082655022 0.28747521667945675 17
1744082690802 0.2867069891313227 18
1744082723050 0.2791711615353096 19
1744082747511 0.270170980473844 20
1744082775072 0.2817274341132583 21
1744082803818 0.27738324262020064 22
1744082832002 0.26867703475603244 23
1744082860629 0.2593416850559595 24
1744082886454 0.2404217740021101 25
1744082912567 0.2532264950071893 26
