1744027147744 0.0 0
1744027163372 1.0 1
1744027178582 2.0 2
1744027194268 3.0 3
1744027209656 4.0 4
1744027225151 5.0 5
1744027240855 6.0 6
1744027256505 7.0 7
1744027271806 8.0 8
1744027287285 9.0 9
1744027302515 10.0 10
1744027317552 11.0 11
1744027332863 12.0 12
1744027347987 13.0 13
1744027363739 14.0 14
1744027382282 15.0 15
1744027400355 16.0 16
1744027418500 17.0 17
1744027434416 18.0 18
1744027449748 19.0 19
1744027464777 20.0 20
1744027479863 21.0 21
1744027495108 22.0 22
1744027510336 23.0 23
1744027525391 24.0 24
1744027540792 25.0 25
1744027556138 26.0 26
1744027571815 27.0 27
1744027587027 28.0 28
1744027601985 29.0 29
