1744017258932 0.0 0
1744017279319 1.0 1
1744017302848 2.0 2
1744017327490 3.0 3
1744017350010 4.0 4
1744017373462 5.0 5
1744017394364 6.0 6
1744017419406 7.0 7
1744017442760 8.0 8
1744017467497 9.0 9
1744017490492 10.0 10
1744017511020 11.0 11
1744017531090 12.0 12
1744017550897 13.0 13
1744017571016 14.0 14
1744017590810 15.0 15
1744017610578 16.0 16
1744017630479 17.0 17
1744017650323 18.0 18
1744017670243 19.0 19
1744017691274 20.0 20
1744017711950 21.0 21
1744017732058 22.0 22
1744017752708 23.0 23
1744017772724 24.0 24
1744017791368 25.0 25
1744017809713 26.0 26
1744017829820 27.0 27
1744017849833 28.0 28
1744017870464 29.0 29
