1742394481869 0.0 0
1742394504929 1.0 1
1742394525976 2.0 2
1742394545988 3.0 3
1742394565031 4.0 4
1742394585334 5.0 5
1742394605049 6.0 6
1742394623987 7.0 7
1742394642893 8.0 8
1742394661807 9.0 9
1742394684545 10.0 10
1742394706293 11.0 11
1742394728505 12.0 12
1742394753466 13.0 13
1742394776702 14.0 14
1742394802462 15.0 15
1742394830335 16.0 16
1742394853654 17.0 17
1742394878258 18.0 18
1742394902331 19.0 19
1742394924629 20.0 20
1742394944968 21.0 21
1742394965990 22.0 22
1742394990610 23.0 23
1742395013538 24.0 24
1742395039565 25.0 25
