1742394481842 0.9196285334230764 0
1742394504905 0.7915650310574985 1
1742394525941 0.7906628926208273 2
1742394545966 0.633897389666956 3
1742394565012 0.5585610213408965 4
1742394585315 0.5146934162275713 5
1742394605030 0.48191963108714486 6
1742394623964 0.4675593909914376 7
1742394642871 0.45021087715982416 8
1742394661785 0.49438137564899737 9
1742394684521 0.41549630757787676 10
1742394706267 0.44450863172895594 11
1742394728482 0.39771363829247286 12
1742394753443 0.4087316555383264 13
1742394776679 0.4073780692396227 14
1742394802429 0.3624676815005111 15
1742394830309 0.41044270375468694 16
1742394853633 0.36830629504545304 17
1742394878236 0.34671362619236357 18
1742394902299 0.3643583729710491 19
1742394924608 0.411591631803112 20
1742394944944 0.3591508135565969 21
1742394965969 0.3653603160112608 22
1742394990586 0.3261382836604216 23
1742395013515 0.3486776346432381 24
1742395039541 0.34683340925295825 25
