1742394481842 nan 0
1742394504905 nan 1
1742394525941 nan 2
1742394545966 nan 3
1742394565012 nan 4
1742394585315 nan 5
1742394605030 nan 6
1742394623964 nan 7
1742394642871 nan 8
1742394661785 nan 9
1742394684521 nan 10
1742394706267 nan 11
1742394728482 nan 12
1742394753443 nan 13
1742394776679 nan 14
1742394802429 nan 15
1742394830309 nan 16
1742394853633 nan 17
1742394878236 nan 18
1742394902299 nan 19
1742394924608 nan 20
1742394944944 nan 21
1742394965969 nan 22
1742394990586 nan 23
1742395013515 nan 24
1742395039541 nan 25
