1742394481842 0.9196285561412402 0
1742394504905 0.7915650459586597 1
1742394525941 0.7906628950025703 2
1742394545966 0.6338973932701056 3
1742394565012 0.5585610216462481 4
1742394585315 0.5146934285637785 5
1742394605030 0.4819196395148508 6
1742394623964 0.46755940338871516 7
1742394642871 0.4502108870684856 8
1742394661785 0.4943813867943331 9
1742394684521 0.41549631441775403 10
1742394706267 0.4445086348435429 11
1742394728482 0.3977136478805151 12
1742394753443 0.4087316615384866 13
1742394776679 0.40737807852231334 14
1742394802429 0.3624676869357707 15
1742394830309 0.41044271071670485 16
1742394853633 0.3683062997784038 17
1742394878236 0.3467136342231123 18
1742394902299 0.3643583836583573 19
1742394924608 0.4115916359864297 20
1742394944944 0.3591508248240733 21
1742394965969 0.36536032211829406 22
1742394990586 0.3261382930347177 23
1742395013515 0.3486776389792317 24
1742395039541 0.34683341578748383 25
