1742394481842 0.7592026940623268 0
1742394504905 0.6715967285095669 1
1742394525941 0.6848300287469489 2
1742394545966 0.6172964190606212 3
1742394565012 0.5819300179537691 4
1742394585315 0.5528264485421728 5
1742394605030 0.5295282998045937 6
1742394623964 0.5251706436764999 7
1742394642871 0.5125991774142765 8
1742394661785 0.520305592994221 9
1742394684521 0.4905071382517697 10
1742394706267 0.5012638124286152 11
1742394728482 0.4750989313985481 12
1742394753443 0.4893020903844325 13
1742394776679 0.4855079219722357 14
1742394802429 0.4565329890026421 15
1742394830309 0.48028319133598296 16
1742394853633 0.45710973240068703 17
1742394878236 0.4422720621843807 18
1742394902299 0.4637066331066069 19
1742394924608 0.46385733367966825 20
1742394944944 0.45380925545926953 21
1742394965969 0.4589229613298275 22
1742394990586 0.4331516089742301 23
1742395013515 0.4499494805932045 24
1742395039541 0.455395621598744 25
