1744125031851 0.0 0
1744125058062 1.0 1
1744125084302 2.0 2
1744125110956 3.0 3
1744125136981 4.0 4
1744125162862 5.0 5
1744125188459 6.0 6
1744125211610 7.0 7
1744125233155 8.0 8
1744125255161 9.0 9
1744125277269 10.0 10
1744125299654 11.0 11
1744125323134 12.0 12
1744125347914 13.0 13
1744125372927 14.0 14
1744125399396 15.0 15
1744125424934 16.0 16
1744125450903 17.0 17
1744125475417 18.0 18
1744125501440 19.0 19
1744125525072 20.0 20
1744125548285 21.0 21
1744125570150 22.0 22
1744125592518 23.0 23
1744125614761 24.0 24
1744125634469 25.0 25
1744125653978 26.0 26
1744125674398 27.0 27
1744125694241 28.0 28
1744125714461 29.0 29
