1744091947124 0.0 0
1744091966391 1.0 1
1744091984882 2.0 2
1744092011606 3.0 3
1744092041481 4.0 4
1744092070544 5.0 5
1744092099246 6.0 6
1744092127800 7.0 7
1744092157964 8.0 8
1744092184180 9.0 9
1744092211230 10.0 10
1744092237930 11.0 11
1744092264375 12.0 12
1744092290390 13.0 13
1744092316144 14.0 14
1744092342126 15.0 15
1744092368134 16.0 16
1744092394210 17.0 17
1744092420609 18.0 18
1744092449141 19.0 19
1744092477731 20.0 20
1744092506251 21.0 21
1744092534891 22.0 22
1744092563521 23.0 23
1744092591165 24.0 24
1744092620028 25.0 25
1744092653068 26.0 26
1744092686646 27.0 27
1744092719975 28.0 28
