1744091947087 -0.23073650790287498 0
1744091966365 0.02502429735965425 1
1744091984857 0.09280265280494077 2
1744092011572 0.05107105233205562 3
1744092041441 0.18200034961667935 4
1744092070495 0.1409924369237185 5
1744092099204 0.18520151088310458 6
1744092127755 0.29312247428307947 7
1744092157916 0.22111261553410766 8
1744092184145 0.17870877621200604 9
1744092211186 0.24235712092717882 10
1744092237883 0.31277885177916065 11
1744092264335 0.2068510217787861 12
1744092290353 0.2904775538198448 13
1744092316106 0.3925945712808092 14
1744092342087 0.19129790702871835 15
1744092368097 0.39931239758426146 16
1744092394175 0.36084174833231447 17
1744092420571 0.31256696368215975 18
1744092449097 0.39774000040975444 19
1744092477686 0.39323392135185875 20
1744092506203 0.4089592513917206 21
1744092534851 0.46403252155582564 22
1744092563475 0.25933105573926096 23
1744092591123 0.1166088584364872 24
1744092619990 0.23126469448191034 25
1744092653022 0.47401275438403456 26
1744092686583 0.4784154721586776 27
1744092719923 0.28272459015741414 28
