1744091947087 0.8008547668781671 0
1744091966365 0.7039519993299517 1
1744091984857 0.6555079591268409 2
1744092011572 0.6707402586760103 3
1744092041441 0.6461320797730838 4
1744092070495 0.622095232353739 5
1744092099204 0.6113963141819828 6
1744092127755 0.6009795656220355 7
1744092157916 0.6013232367404588 8
1744092184145 0.611056885842229 9
1744092211186 0.5924316546331346 10
1744092237883 0.5738225138340338 11
1744092264335 0.5655291046984138 12
1744092290353 0.5644557323435301 13
1744092316106 0.5339564932760898 14
1744092342087 0.5516652792433907 15
1744092368097 0.5297135447081983 16
1744092394175 0.5314991697632132 17
1744092420571 0.5424101216813977 18
1744092449097 0.5269556803469766 19
1744092477686 0.5043157857864373 20
1744092506203 0.5214172686438733 21
1744092534851 0.5147637510452103 22
1744092563475 0.5394447620852489 23
1744092591123 0.5434438403040589 24
1744092619990 0.5350200080504905 25
1744092653022 0.505398031042843 26
1744092686583 0.49393124567189556 27
1744092719923 0.5297680078902602 28
