1744091947087 1.0944997763536015 0
1744091966365 0.8335022210586266 1
1744091984857 0.722648414920588 2
1744092011572 0.7294293671357827 3
1744092041441 0.6681482911598488 4
1744092070495 0.6169436979489248 5
1744092099204 0.6203915010221669 6
1744092127755 0.5999387054414046 7
1744092157916 0.5993452466657905 8
1744092184145 0.6199097943599107 9
1744092211186 0.5895670178483744 10
1744092237883 0.5538888709222685 11
1744092264335 0.5541467366159939 12
1744092290353 0.5263834214601361 13
1744092316106 0.48227347354175615 14
1744092342087 0.5239934757596156 15
1744092368097 0.47400754494745223 16
1744092394175 0.47006228297460273 17
1744092420571 0.49204020324300546 18
1744092449097 0.4485508953450156 19
1744092477686 0.42855559387167946 20
1744092506203 0.48072729284157517 21
1744092534851 0.43821647592255325 22
1744092563475 0.4913940457779853 23
1744092591123 0.49870179043930085 24
1744092619990 0.5213008873531075 25
1744092653022 0.43464244218146214 26
1744092686583 0.41309060876975295 27
1744092719923 0.47249508392615397 28
