1744091947087 1.0944997521923583 0
1744091966365 0.8335022139674167 1
1744091984857 0.7226484071493084 2
1744092011572 0.7294293604115949 3
1744092041441 0.6681482799010422 4
1744092070495 0.6169436875513838 5
1744092099204 0.6203914852239866 6
1744092127755 0.599938691975734 7
1744092157916 0.5993452359960149 8
1744092184145 0.6199097826928532 9
1744092211186 0.5895670128404561 10
1744092237883 0.5538888507017776 11
1744092264335 0.5541467263450166 12
1744092290353 0.5263834124847312 13
1744092316106 0.48227347386445957 14
1744092342087 0.5239934683076574 15
1744092368097 0.4740075284811972 16
1744092394175 0.470062269382483 17
1744092420571 0.49204019754227063 18
1744092449097 0.4485508850925437 19
1744092477686 0.42855558731859345 20
1744092506203 0.4807272789805894 21
1744092534851 0.4382164681465905 22
1744092563475 0.4913940390434239 23
1744092591123 0.49870177572857854 24
1744092619990 0.5213008780311378 25
1744092653022 0.4346424373743794 26
1744092686583 0.41309060320038754 27
1744092719923 0.47249507774548716 28
