1742278926286 0.0 0
1742278944939 1.0 1
1742278962921 2.0 2
1742278981404 3.0 3
1742279000761 4.0 4
1742279020113 5.0 5
1742279039932 6.0 6
1742279059427 7.0 7
1742279080261 8.0 8
1742279099266 9.0 9
1742279119733 10.0 10
1742279138142 11.0 11
1742279158018 12.0 12
1742279177320 13.0 13
1742279196828 14.0 14
1742279215432 15.0 15
1742279236158 16.0 16
1742279255165 17.0 17
1742279275108 18.0 18
1742279296089 19.0 19
1742279316851 20.0 20
1742279335971 21.0 21
1742279355977 22.0 22
1742279376275 23.0 23
1742279396647 24.0 24
1742279416593 25.0 25
1742279439222 26.0 26
