1742278926266 0.8666776406795931 0
1742278944927 0.644566003283959 1
1742278962908 0.6611843752858086 2
1742278981391 0.5194591383084172 3
1742279000746 0.5025725931424566 4
1742279020102 0.4885378313490448 5
1742279039918 0.4597375183373531 6
1742279059415 0.47641790398547523 7
1742279080245 0.4232530113989222 8
1742279099254 0.4194169501104862 9
1742279119722 0.42716638691876613 10
1742279138132 0.43414873809480725 11
1742279158002 0.37223219146996683 12
1742279177305 0.3851424587158012 13
1742279196812 0.38381255692851834 14
1742279215421 0.42115499236012677 15
1742279236147 0.3761761960584072 16
1742279255152 0.3704889535978776 17
1742279275096 0.3794294433795493 18
1742279296074 0.37361035747051385 19
1742279316838 0.41126803045557486 20
1742279335955 0.3482355216694392 21
1742279355964 0.3750261223641997 22
1742279376261 0.3639451323048251 23
1742279396637 0.36290917973376374 24
1742279416581 0.3540998462588855 25
1742279439203 0.3532623104044677 26
