1742278926266 0.8666776600434924 0
1742278944927 0.6445660197147818 1
1742278962908 0.6611843820322644 2
1742278981391 0.5194591447908544 3
1742279000746 0.5025725957485988 4
1742279020102 0.4885378426900416 5
1742279039918 0.4597375276639606 6
1742279059415 0.47641791406115797 7
1742279080245 0.42325302131586906 8
1742279099254 0.4194169572808526 9
1742279119722 0.42716639536912693 10
1742279138132 0.434148745893529 11
1742279158002 0.37223219328249496 12
1742279177305 0.3851424661380323 13
1742279196812 0.38381256093271077 14
1742279215421 0.4211550070198648 15
1742279236147 0.3761761987468962 16
1742279255152 0.37048895737494936 17
1742279275096 0.3794294521918125 18
1742279296074 0.37361035958835576 19
1742279316838 0.4112680315068274 20
1742279335955 0.3482355277590228 21
1742279355964 0.3750261277609477 22
1742279376261 0.36394514170277753 23
1742279396637 0.36290919131627586 24
1742279416581 0.3540998558852483 25
1742279439203 0.35326232073941466 26
