1742278926266 0.7442283433377556 0
1742278944927 0.6192047056201093 1
1742278962908 0.616204457021215 2
1742278981391 0.5482593058613175 3
1742279000746 0.5402165256831043 4
1742279020102 0.5177044417045896 5
1742279039918 0.5058022081452148 6
1742279059415 0.5142337273303043 7
1742279080245 0.48769910554683804 8
1742279099254 0.4809260309753807 9
1742279119722 0.478627119408544 10
1742279138132 0.4948253060695762 11
1742279158002 0.44576742601806696 12
1742279177305 0.4576166078669367 13
1742279196812 0.46421803253458227 14
1742279215421 0.4815114606938541 15
1742279236147 0.4554404272100503 16
1742279255152 0.4580519438660093 17
1742279275096 0.4541648444376246 18
1742279296074 0.44187511328391427 19
1742279316838 0.4749376239287996 20
1742279335955 0.4379019323618838 21
1742279355964 0.46149910735577865 22
1742279376261 0.44148357135168453 23
1742279396637 0.4359787345087777 24
1742279416581 0.44381374115491234 25
1742279439203 0.44509681577116933 26
