1742278926266 -0.43168507393516214 0
1742278944927 -0.11733635492460584 1
1742278962908 0.03262732584305883 2
1742278981391 0.22595921115684545 3
1742279000746 -0.01929615599331898 4
1742279020102 0.03660777677466135 5
1742279039918 0.2662469138630558 6
1742279059415 0.07489201864806802 7
1742279080245 0.2571434365932396 8
1742279099254 0.31033421641557773 9
1742279119722 0.3156692430212697 10
1742279138132 0.125665423461338 11
1742279158002 0.17703558564468722 12
1742279177305 0.3237888069666823 13
1742279196812 0.3819417284744167 14
1742279215421 0.2131513046533625 15
1742279236147 0.1465768177556862 16
1742279255152 0.3448323617086315 17
1742279275096 -1.2370310993015416 18
1742279296074 0.4066742583829269 19
1742279316838 0.4197941716957679 20
1742279335955 0.426104075652034 21
1742279355964 0.22648993918029214 22
1742279376261 0.40734830871832983 23
1742279396637 0.42667587198679274 24
1742279416581 0.19201025729605561 25
1742279439203 0.2897799695656782 26
