1743996677571 0.0 0
1743996679548 1.0 1
1743996681689 2.0 2
1743996683781 3.0 3
1743996685859 4.0 4
1743996687895 5.0 5
1743996689844 6.0 6
1743996691735 7.0 7
1743996693816 8.0 8
1743996695884 9.0 9
1743996698192 10.0 10
1743996700739 11.0 11
1743996703839 12.0 12
1743996707154 13.0 13
1743996710479 14.0 14
1743996713828 15.0 15
1743996717855 16.0 16
1743996721376 17.0 17
1743996725636 18.0 18
1743996730081 19.0 19
1743996733973 20.0 20
1743996737744 21.0 21
1743996742145 22.0 22
1743996746417 23.0 23
