1743996677547 -0.6924615661303203 0
1743996679534 -1.2699294646581014 1
1743996681674 -1.8486538529396057 2
1743996683770 -0.6966444532076518 3
1743996685848 -1.6435972372690837 4
1743996687881 -1.0411247452100119 5
1743996689829 -2.606906322638194 6
1743996691725 -0.23855110009511313 7
1743996693803 0.27730987866719564 8
1743996695873 -0.3465140382448832 9
1743996698176 -0.9559914668401083 10
1743996700720 -0.21816180944442748 11
1743996703819 -0.5329436381657918 12
1743996707133 -2.4363234003384906 13
1743996710458 -0.6272761146227519 14
1743996713808 -0.10704283316930135 15
1743996717833 0.024693588415781658 16
1743996721354 0.2277955929438273 17
1743996725606 -0.3626876473426819 18
1743996730055 -0.03361592690149943 19
1743996733949 0.02640311320622762 20
1743996737721 0.4118621548016866 21
1743996742120 0.11875946521759033 22
1743996746385 -0.6262441953023274 23
