1743996677547 0.42620299458503724 0
1743996679534 0.32259418020645775 1
1743996681674 0.4350416332483292 2
1743996683770 0.3130447020133336 3
1743996685848 0.34918485217106837 4
1743996687881 0.3141859317819277 5
1743996689829 0.24247197067985932 6
1743996691725 0.19384693304697673 7
1743996693803 0.20781009420752525 8
1743996695873 0.3247591642042001 9
1743996698176 0.23290228992700576 10
1743996700720 0.23626231426994007 11
1743996703819 0.2703318536281586 12
1743996707133 0.2433662508924802 13
1743996710458 0.20124283979336421 14
1743996713808 0.2579945310950279 15
1743996717833 0.18523802980780602 16
1743996721354 0.18744517813126246 17
1743996725606 0.19792228961984318 18
1743996730055 0.20920117249091466 19
1743996733949 0.2028846688568592 20
1743996737721 0.16003837212920188 21
1743996742120 0.16263164927562077 22
1743996746385 0.22558061877886454 23
