1743996677547 0.4262029764552911 0
1743996679534 0.32259416629870735 1
1743996681674 0.43504163026809695 2
1743996683770 0.31304470549027125 3
1743996685848 0.34918484025013946 4
1743996687881 0.3141859288016955 5
1743996689829 0.24247196248422068 6
1743996691725 0.1938469260931015 7
1743996693803 0.20781009073058765 8
1743996695873 0.3247591639558474 9
1743996698176 0.23290228098630905 10
1743996700720 0.2362623045841853 11
1743996703819 0.27033184791604675 12
1743996707133 0.24336624691883724 13
1743996710458 0.20124284277359644 14
1743996713808 0.2579945296049118 15
1743996717833 0.18523802881439527 16
1743996721354 0.18744517341256142 17
1743996725606 0.19792228415608407 18
1743996730055 0.20920117149750392 19
1743996733949 0.2028846725821495 20
1743996737721 0.1600383756061395 21
1743996742120 0.16263165473937988 22
1743996746385 0.22558060884475709 23
