1743996677547 0.5146715780099232 0
1743996679534 0.47065688073635104 1
1743996681674 0.5715022464593251 2
1743996683770 0.4365306963523229 3
1743996685848 0.4491709458331267 4
1743996687881 0.46641279458999635 5
1743996689829 0.3946464344859123 6
1743996691725 0.3505503406127294 7
1743996693803 0.35691358397404355 8
1743996695873 0.4291712244351705 9
1743996698176 0.39501277009646096 10
1743996700720 0.3949691116809845 11
1743996703819 0.4310287803411484 12
1743996707133 0.4081011911233266 13
1743996710458 0.36088175773620607 14
1743996713808 0.40388473172982536 15
1743996717833 0.3673341333866119 16
1743996721354 0.3430030445257823 17
1743996725606 0.3548921783765157 18
1743996730055 0.37433036665121716 19
1743996733949 0.3704308638970057 20
1743996737721 0.3217044621706009 21
1743996742120 0.33685290813446045 22
1743996746385 0.37516174614429476 23
