1744123537026 0.0 0
1744123557040 1.0 1
1744123578889 2.0 2
1744123602534 3.0 3
1744123624597 4.0 4
1744123649085 5.0 5
1744123675557 6.0 6
1744123699914 7.0 7
1744123724027 8.0 8
1744123747761 9.0 9
1744123769673 10.0 10
1744123791318 11.0 11
1744123816916 12.0 12
1744123842810 13.0 13
1744123865162 14.0 14
1744123887482 15.0 15
1744123909872 16.0 16
1744123932215 17.0 17
1744123954829 18.0 18
1744123977845 19.0 19
1744124000529 20.0 20
1744124025590 21.0 21
1744124050651 22.0 22
1744124072884 23.0 23
1744124094147 24.0 24
1744124116103 25.0 25
1744124139930 26.0 26
1744124163572 27.0 27
1744124186676 28.0 28
1744124210015 29.0 29
