1744020453479 0.0 0
1744020473101 1.0 1
1744020492568 2.0 2
1744020510050 3.0 3
1744020527453 4.0 4
1744020545066 5.0 5
1744020562229 6.0 6
1744020579617 7.0 7
1744020597022 8.0 8
1744020614492 9.0 9
1744020632198 10.0 10
1744020649659 11.0 11
1744020667240 12.0 12
1744020684892 13.0 13
1744020702219 14.0 14
1744020719838 15.0 15
1744020737610 16.0 16
1744020755099 17.0 17
1744020772405 18.0 18
1744020789723 19.0 19
1744020807342 20.0 20
1744020824688 21.0 21
1744020842059 22.0 22
1744020859602 23.0 23
1744020877158 24.0 24
1744020894516 25.0 25
1744020911780 26.0 26
1744020929224 27.0 27
1744020946636 28.0 28
1744020963769 29.0 29
