1744121560418 0.0 0
1744121585165 1.0 1
1744121608233 2.0 2
1744121629205 3.0 3
1744121653284 4.0 4
1744121676687 5.0 5
1744121703245 6.0 6
1744121730423 7.0 7
1744121756443 8.0 8
1744121781795 9.0 9
1744121810483 10.0 10
1744121837345 11.0 11
1744121862809 12.0 12
1744121887804 13.0 13
1744121912795 14.0 14
1744121934783 15.0 15
1744121956450 16.0 16
1744121977919 17.0 17
1744121999695 18.0 18
1744122021575 19.0 19
1744122043505 20.0 20
1744122064985 21.0 21
1744122086465 22.0 22
1744122107834 23.0 23
1744122129542 24.0 24
1744122150968 25.0 25
1744122171572 26.0 26
1744122195710 27.0 27
1744122220096 28.0 28
1744122242492 29.0 29
