1744019920300 0.0 0
1744019936786 1.0 1
1744019952508 2.0 2
1744019968367 3.0 3
1744019984226 4.0 4
1744019999998 5.0 5
1744020015937 6.0 6
1744020031936 7.0 7
1744020047939 8.0 8
1744020063763 9.0 9
1744020079542 10.0 10
1744020095286 11.0 11
1744020111649 12.0 12
1744020127708 13.0 13
1744020143800 14.0 14
1744020159903 15.0 15
1744020175649 16.0 16
1744020192001 17.0 17
1744020211193 18.0 18
1744020229646 19.0 19
1744020245320 20.0 20
1744020261164 21.0 21
1744020277385 22.0 22
1744020294659 23.0 23
1744020312299 24.0 24
1744020330070 25.0 25
1744020347476 26.0 26
1744020365119 27.0 27
1744020382739 28.0 28
1744020400815 29.0 29
