1743957728574 0.0 0
1743957746336 1.0 1
1743957764046 2.0 2
1743957781921 3.0 3
1743957799535 4.0 4
1743957817150 5.0 5
1743957834860 6.0 6
1743957852754 7.0 7
1743957870329 8.0 8
1743957888168 9.0 9
1743957905910 10.0 10
1743957923853 11.0 11
1743957944688 12.0 12
1743957966304 13.0 13
1743957985415 14.0 14
1743958003058 15.0 15
1743958020880 16.0 16
1743958038776 17.0 17
1743958056349 18.0 18
1743958073981 19.0 19
1743958091761 20.0 20
1743958109426 21.0 21
1743958126890 22.0 22
1743958144344 23.0 23
1743958161925 24.0 24
1743958179618 25.0 25
1743958197212 26.0 26
