1743957728549 0.7207537674513019 0
1743957746313 0.623772894017032 1
1743957764026 0.6000904828065732 2
1743957781899 0.5841258170663334 3
1743957799511 0.5755066506442477 4
1743957817129 0.5571477469362196 5
1743957834838 0.5150486213750527 6
1743957852733 0.5111236651657057 7
1743957870305 0.5073228495531394 8
1743957888147 0.5354955650743891 9
1743957905889 0.4733554276897282 10
1743957923835 0.4716539411026923 11
1743957944659 0.4716804280999254 12
1743957966278 0.47318059291507375 13
1743957985395 0.45896761913280015 14
1743958003036 0.4483627747805392 15
1743958020860 0.44919569967467277 16
1743958038737 0.44502231955039695 17
1743958056316 0.4259566571868834 18
1743958073959 0.4393032375784194 19
1743958091738 0.4363131662983386 20
1743958109403 0.43004190017942523 21
1743958126870 0.43015859886759616 22
1743958144320 0.41195299421421816 23
1743958161902 0.41406281683288637 24
1743958179597 0.42223179633500146 25
1743958197189 0.4152603659351341 26
