1743957728549 0.8308166368696533 0
1743957746313 0.6443638969823474 1
1743957764026 0.5842783346192025 2
1743957781899 0.5861924929147373 3
1743957799511 0.5452946989079479 4
1743957817129 0.505709128148976 5
1743957834838 0.43678054103597264 6
1743957852733 0.4417614635599197 7
1743957870305 0.4217004967914497 8
1743957888147 0.4869856970903815 9
1743957905889 0.3901479468589313 10
1743957923835 0.3680587538869166 11
1743957944659 0.39067887832395365 12
1743957966278 0.355585992855371 13
1743957985395 0.35000976404083556 14
1743958003036 0.32174901722273863 15
1743958020860 0.3565041835984734 16
1743958038737 0.34386527623798024 17
1743958056316 0.31853249638539843 18
1743958073959 0.33294980972241917 19
1743958091738 0.36428626264124864 20
1743958109403 0.31517252006919166 21
1743958126870 0.3237141741470235 22
1743958144320 0.28717653570910456 23
1743958161902 0.3021510676251816 24
1743958179597 0.2944673426510369 25
1743958197189 0.2930203932413801 26
