1743957728549 nan 0
1743957746313 nan 1
1743957764026 nan 2
1743957781899 nan 3
1743957799511 nan 4
1743957817129 nan 5
1743957834838 nan 6
1743957852733 nan 7
1743957870305 nan 8
1743957888147 nan 9
1743957905889 nan 10
1743957923835 nan 11
1743957944659 nan 12
1743957966278 nan 13
1743957985395 nan 14
1743958003036 nan 15
1743958020860 nan 16
1743958038737 nan 17
1743958056316 nan 18
1743958073959 nan 19
1743958091738 nan 20
1743958109403 nan 21
1743958126870 nan 22
1743958144320 nan 23
1743958161902 nan 24
1743958179597 nan 25
1743958197189 nan 26
