1743957728549 0.8308166248387978 0
1743957746313 0.6443638886767821 1
1743957764026 0.5842783208325749 2
1743957781899 0.5861924806396004 3
1743957799511 0.5452946897779332 4
1743957817129 0.5057091159043742 5
1743957834838 0.43678053440984155 6
1743957852733 0.44176145446044013 7
1743957870305 0.42170049053174063 8
1743957888147 0.4869856908001372 9
1743957905889 0.3901479475994091 10
1743957923835 0.368058748818079 11
1743957944659 0.3906788709802461 12
1743957966278 0.3555859889163346 13
1743957985395 0.35000976010179913 14
1743958003036 0.3217490104439317 15
1743958020860 0.35650417388829053 16
1743958038737 0.34386527300125264 17
1743958056316 0.3185324927059109 18
1743958073959 0.3329498056917772 19
1743958091738 0.3642862593587183 20
1743958109403 0.3151725150919596 21
1743958126870 0.32371417158206955 22
1743958144320 0.28717652992269055 23
1743958161902 0.30215106478541115 24
1743958179597 0.29446733651346846 25
1743958197189 0.2930203909588764 26
