1744115003283 0.0 0
1744115022738 1.0 1
1744115041807 2.0 2
1744115060810 3.0 3
1744115079873 4.0 4
1744115098851 5.0 5
1744115119097 6.0 6
1744115140798 7.0 7
1744115160714 8.0 8
1744115179704 9.0 9
1744115199183 10.0 10
1744115218223 11.0 11
1744115237257 12.0 12
1744115256278 13.0 13
1744115275249 14.0 14
1744115294238 15.0 15
1744115313125 16.0 16
1744115332145 17.0 17
1744115351056 18.0 18
1744115369794 19.0 19
1744115389161 20.0 20
1744115408127 21.0 21
1744115427077 22.0 22
1744115445947 23.0 23
1744115465011 24.0 24
1744115483837 25.0 25
