1744115003261 0.8488666315059192 0
1744115022714 0.6454297433622548 1
1744115041786 0.5916661883963913 2
1744115060790 0.5601278111094334 3
1744115079852 0.5011187867551553 4
1744115098830 0.4634696257407548 5
1744115119074 0.42207713913722117 6
1744115140777 0.41811404865784724 7
1744115160697 0.4214618472290821 8
1744115179682 0.40432779478733655 9
1744115199160 0.36706452303733983 10
1744115218203 0.38785296073946796 11
1744115237235 0.3636237723661251 12
1744115256257 0.3195264875644543 13
1744115275229 0.37593365674380397 14
1744115294221 0.36664732325761046 15
1744115313087 0.32298872564904024 16
1744115332123 0.33453962151877215 17
1744115351033 0.319687581819589 18
1744115369772 0.3374900676798625 19
1744115389141 0.3351501241692754 20
1744115408107 0.3383925675002278 21
1744115427053 0.2736657963546573 22
1744115445926 0.3118586752746926 23
1744115464991 0.3656193186513713 24
1744115483818 0.27792390671054845 25
