1744115003261 0.8488666149163849 0
1744115022714 0.6454297235015493 1
1744115041786 0.5916661701952358 2
1744115060790 0.5601278008389244 3
1744115079852 0.5011187805064291 4
1744115098830 0.4634696115278036 5
1744115119074 0.42207713541508274 6
1744115140777 0.41811404654578954 7
1744115160697 0.42146183841100965 8
1744115179682 0.40432779492282594 9
1744115199160 0.3670645118964203 10
1744115218203 0.3878529478802481 11
1744115237235 0.36362376409635094 12
1744115256257 0.31952648111209797 13
1744115275229 0.3759336553676083 14
1744115294221 0.3666473144749634 15
1744115313087 0.3229887257150109 16
1744115332123 0.3345396164461836 17
1744115351033 0.31968756876219867 18
1744115369772 0.33749006056578573 19
1744115389141 0.3351501154332608 20
1744115408107 0.3383925643901432 21
1744115427053 0.2736657905791704 22
1744115445926 0.31185866764861125 23
1744115464991 0.36561931020475574 24
1744115483818 0.27792390001812206 25
