1744115003261 0.7172609509953649 0
1744115022714 0.6215083544544592 1
1744115041786 0.5743875741238498 2
1744115060790 0.5765035201512949 3
1744115079852 0.5406381164959891 4
1744115098830 0.5163240167347949 5
1744115119074 0.4832430853767962 6
1744115140777 0.4873734827049057 7
1744115160697 0.49082054595992247 8
1744115179682 0.47896793375371916 9
1744115199160 0.444550533702882 10
1744115218203 0.4645265380144527 11
1744115237235 0.4487779061162407 12
1744115256257 0.4209740146088715 13
1744115275229 0.44484183546588274 14
1744115294221 0.45641114126096977 15
1744115313087 0.4238627537008619 16
1744115332123 0.4330153677889904 17
1744115351033 0.4164316778066136 18
1744115369772 0.4290095982004384 19
1744115389141 0.4246346680175187 20
1744115408107 0.4167753073066228 21
1744115427053 0.3952686835253418 22
1744115445926 0.41640591227317153 23
1744115464991 0.44771861092218 24
1744115483818 0.38677176024479776 25
