1744115003261 -0.03925132189510043 0
1744115022714 0.21206789807031393 1
1744115041786 0.29187993535886647 2
1744115060790 0.1912863257978356 3
1744115079852 0.3377700463982593 4
1744115098830 0.3593232016704076 5
1744115119074 0.2885345138986601 6
1744115140777 0.44094545486350567 7
1744115160697 0.45068789170725726 8
1744115179682 0.4509706339577791 9
1744115199160 0.5186120323850683 10
1744115218203 0.5131400624245971 11
1744115237235 0.41222636813296065 12
1744115256257 0.5662960602763843 13
1744115275229 0.2653271485805866 14
1744115294221 0.4048657097382273 15
1744115313087 0.4794930082458567 16
1744115332123 0.49094440730423233 17
1744115351033 0.5385613246300065 18
1744115369772 0.3148431357792857 19
1744115389141 0.45989940839436 20
1744115408107 -0.025989490342863287 21
1744115427053 0.6472161457528045 22
1744115445926 0.5673842783157792 23
1744115464991 0.2850079339392995 24
1744115483818 0.5359770733252992 25
