1744120830496 0.0 0
1744120852669 1.0 1
1744120872110 2.0 2
1744120893971 3.0 3
1744120914622 4.0 4
1744120936826 5.0 5
1744120958504 6.0 6
1744120982312 7.0 7
1744121003786 8.0 8
1744121025087 9.0 9
1744121046603 10.0 10
1744121068549 11.0 11
1744121088975 12.0 12
1744121111718 13.0 13
1744121137046 14.0 14
1744121162256 15.0 15
1744121188403 16.0 16
1744121215086 17.0 17
1744121242988 18.0 18
1744121270570 19.0 19
1744121297245 20.0 20
1744121320170 21.0 21
1744121342981 22.0 22
1744121366225 23.0 23
1744121388430 24.0 24
1744121411210 25.0 25
1744121434203 26.0 26
1744121456710 27.0 27
1744121479601 28.0 28
1744121503776 29.0 29
