1744093611555 0.0 0
1744093634944 1.0 1
1744093658558 2.0 2
1744093682179 3.0 3
1744093705845 4.0 4
1744093729147 5.0 5
1744093752203 6.0 6
1744093775262 7.0 7
1744093798308 8.0 8
1744093821475 9.0 9
1744093846937 10.0 10
1744093872258 11.0 11
1744093897606 12.0 12
1744093923234 13.0 13
1744093948698 14.0 14
1744093974598 15.0 15
1744093998791 16.0 16
1744094023469 17.0 17
1744094046926 18.0 18
1744094070370 19.0 19
1744094093940 20.0 20
1744094117625 21.0 21
1744094141223 22.0 22
1744094164639 23.0 23
1744094188249 24.0 24
1744094211724 25.0 25
1744094235057 26.0 26
