1744093611523 0.8097090176075107 0
1744093634910 0.7499076346777725 1
1744093658525 0.7200421809786267 2
1744093682144 0.685924036689917 3
1744093705807 0.7236565925590593 4
1744093729113 0.7027106919669408 5
1744093752173 0.6886163212758453 6
1744093775233 0.6526962346679791 7
1744093798278 0.6461067295587454 8
1744093821443 0.6431048765503724 9
1744093846904 0.6126118227475593 10
1744093872224 0.6181198968180541 11
1744093897574 0.6069226427349808 12
1744093923198 0.6080901496359172 13
1744093948664 0.6092617019077082 14
1744093974563 0.5876713169008351 15
1744093998759 0.6018163866768057 16
1744094023436 0.5954737457322069 17
1744094046894 0.5737215652932093 18
1744094070337 0.5887483392867561 19
1744094093904 0.5895062627141044 20
1744094117589 0.6101112010825142 21
1744094141190 0.5662733452468397 22
1744094164608 0.5790390299910506 23
1744094188214 0.5688315423075722 24
1744094211691 0.5625642409303883 25
1744094235027 0.5431781062258336 26
