1744093611523 1.189558335252063 0
1744093634910 0.950956962609617 1
1744093658525 0.8795506704609838 2
1744093682144 0.7861862162380339 3
1744093705807 0.8615644871711703 4
1744093729113 0.7937535922403944 5
1744093752173 0.7657516424238429 6
1744093775233 0.7093324535895906 7
1744093798278 0.7148910374156829 8
1744093821443 0.6846542832763512 9
1744093846904 0.6348318346367792 10
1744093872224 0.6423462582051741 11
1744093897574 0.6048787113948358 12
1744093923198 0.6052712433328044 13
1744093948664 0.633848952897038 14
1744093974563 0.6125136177092464 15
1744093998759 0.6054785920334428 16
1744094023436 0.6002685285398105 17
1744094046894 0.5604039947365889 18
1744094070337 0.6177924888201598 19
1744094093904 0.5848379810464074 20
1744094117589 0.6445063401480143 21
1744094141190 0.5502904595320322 22
1744094164608 0.5717557733251556 23
1744094188214 0.5577731878419195 24
1744094211691 0.5620583318779334 25
1744094235027 0.5072554936538927 26
