1744093611523 -0.2928171387600381 0
1744093634910 -0.12137602247656472 1
1744093658525 0.001331732307417555 2
1744093682144 0.025624971966469366 3
1744093705807 -0.03443713149474918 4
1744093729113 0.014289176047025695 5
1744093752173 -0.004702564965137534 6
1744093775233 0.12336299507324064 7
1744093798278 0.11575052416814627 8
1744093821443 0.1822490137530594 9
1744093846904 0.2296039122551198 10
1744093872224 0.21149151796555105 11
1744093897574 0.11923656752886284 12
1744093923198 0.25802807983540477 13
1744093948664 -0.045944713470306944 14
1744093974563 0.16607405696681574 15
1744093998759 0.15607355316353078 16
1744094023436 0.16967192059945996 17
1744094046894 0.2428733193367652 18
1744094070337 0.04982680736939003 19
1744094093904 0.204373645021094 20
1744094117589 -0.3077236234969794 21
1744094141190 0.32096903627618173 22
1744094164608 0.23503445704635945 23
1744094188214 0.07703404766604165 24
1744094211691 0.18018522717443072 25
1744094235027 0.4054664100106563 26
