1744093611523 1.1895583428320338 0
1744093634910 0.9509569863315488 1
1744093658525 0.8795506797853063 2
1744093682144 0.7861862292543786 3
1744093705807 0.8615645128683965 4
1744093729113 0.7937536073512719 5
1744093752173 0.765751655717365 6
1744093775233 0.7093324658812069 7
1744093798278 0.7148910510491152 8
1744093821443 0.6846542959330512 9
1744093846904 0.6348318464931895 10
1744093872224 0.642346280031517 11
1744093897574 0.6048787261863224 12
1744093923198 0.6052712634450099 13
1744093948664 0.6338489649237179 14
1744093974563 0.6125136291394468 15
1744093998759 0.6054786133473037 16
1744094023436 0.6002685263997218 17
1744094046894 0.5604039987579721 18
1744094070337 0.6177924983814115 19
1744094093904 0.5848379916832095 20
1744094117589 0.644506353823865 21
1744094141190 0.5502904652327788 22
1744094164608 0.5717557827468778 23
1744094188214 0.5577731943521343 24
1744094211691 0.5620583408191556 25
1744094235027 0.5072554980145126 26
