1744026650647 0.0 0
1744026666490 1.0 1
1744026682674 2.0 2
1744026699588 3.0 3
1744026715437 4.0 4
1744026730608 5.0 5
1744026745732 6.0 6
1744026761369 7.0 7
1744026779185 8.0 8
1744026797165 9.0 9
1744026815072 10.0 10
1744026831819 11.0 11
1744026847444 12.0 12
1744026862746 13.0 13
1744026878245 14.0 14
1744026893893 15.0 15
1744026909194 16.0 16
1744026924492 17.0 17
1744026939856 18.0 18
1744026955227 19.0 19
1744026970425 20.0 20
1744026985860 21.0 21
1744027001353 22.0 22
1744027017453 23.0 23
1744027033084 24.0 24
1744027048301 25.0 25
1744027063591 26.0 26
1744027078818 27.0 27
1744027094313 28.0 28
1744027109500 29.0 29
