1744124276799 0.0 0
1744124298796 1.0 1
1744124320026 2.0 2
1744124341327 3.0 3
1744124362664 4.0 4
1744124387336 5.0 5
1744124411124 6.0 6
1744124435854 7.0 7
1744124458371 8.0 8
1744124481164 9.0 9
1744124506767 10.0 10
1744124531395 11.0 11
1744124554832 12.0 12
1744124580580 13.0 13
1744124603486 14.0 14
1744124626675 15.0 15
1744124649807 16.0 16
1744124672878 17.0 17
1744124695506 18.0 18
1744124719264 19.0 19
1744124744515 20.0 20
1744124769491 21.0 21
1744124794474 22.0 22
1744124820589 23.0 23
1744124846929 24.0 24
1744124873616 25.0 25
1744124902358 26.0 26
1744124925397 27.0 27
1744124947794 28.0 28
1744124970384 29.0 29
