1744084544373 0.0 0
1744084569135 1.0 1
1744084592996 2.0 2
1744084617211 3.0 3
1744084641653 4.0 4
1744084665205 5.0 5
1744084689956 6.0 6
1744084714522 7.0 7
1744084738707 8.0 8
1744084762827 9.0 9
1744084787677 10.0 10
1744084812427 11.0 11
1744084841167 12.0 12
1744084870261 13.0 13
1744084897130 14.0 14
1744084923711 15.0 15
1744084949991 16.0 16
1744084976833 17.0 17
1744085003189 18.0 18
1744085030637 19.0 19
1744085057656 20.0 20
1744085082072 21.0 21
1744085117417 22.0 22
1744085144934 23.0 23
1744085171414 24.0 24
1744085197375 25.0 25
1744085222146 26.0 26
