1744084544334 0.7288240311104967 0
1744084569104 0.6592143197892528 1
1744084592959 0.6031615242369657 2
1744084617171 0.5570095503140403 3
1744084641620 0.5379796831728637 4
1744084665173 0.49718913384713237 5
1744084689922 0.5206550010976183 6
1744084714486 0.5140020253032426 7
1744084738676 0.4911498991576599 8
1744084762799 0.4893324646867221 9
1744084787640 0.48287018112802654 10
1744084812393 0.4520763592130398 11
1744084841130 0.467426164218993 12
1744084870226 0.4653084202911298 13
1744084897098 0.4548999609097411 14
1744084923669 0.4460851302663058 15
1744084949953 0.43345241798520534 16
1744084976787 0.4574683295636656 17
1744085003154 0.4529345680392078 18
1744085030597 0.46255483787247276 19
1744085057617 0.45303944066304286 20
1744085082036 0.44365356220415914 21
1744085117373 0.4455379902392809 22
1744085144899 0.41600714896225416 23
1744085171382 0.4407544752417509 24
1744085197336 0.412207121229756 25
1744085222109 0.43407847300512825 26
