1744084544334 0.003734356094220739 0
1744084569104 0.14853157544748963 1
1744084592959 0.24101886031137498 2
1744084617171 0.2840447530230066 3
1744084641620 0.3739121490276514 4
1744084665173 0.4881063391846584 5
1744084689922 0.4357932858926102 6
1744084714486 0.3550737736051844 7
1744084738676 0.42441283941982194 8
1744084762799 0.49976048199509543 9
1744084787640 0.5108054279184724 10
1744084812393 0.4725331946186439 11
1744084841130 0.500294066730416 12
1744084870226 0.3447772205028161 13
1744084897098 0.5100202613234103 14
1744084923669 0.44687650680638297 15
1744084949953 0.5394395542009781 16
1744084976787 0.5349301026858364 17
1744085003154 0.48847925299096745 18
1744085030597 0.03826634337061201 19
1744085057617 0.49556441673929535 20
1744085082036 0.3917666685146429 21
1744085117373 0.5348312636017326 22
1744085144899 0.6049015089918282 23
1744085171382 0.5529027265444058 24
1744085197336 0.5707692951171444 25
1744085222109 0.596912739766415 26
