1744084544334 0.9093729208912273 0
1744084569104 0.7146703025368448 1
1744084592959 0.5918794011912673 2
1744084617171 0.5572622490672715 3
1744084641620 0.49231770888230075 4
1744084665173 0.45071096140708267 5
1744084689922 0.4581973819588276 6
1744084714486 0.4552816997085442 7
1744084738676 0.41837046709502757 8
1744084762799 0.4091624507893886 9
1744084787640 0.4107736451602458 10
1744084812393 0.3558347728124685 11
1744084841130 0.38662100964341417 12
1744084870226 0.37927855542040134 13
1744084897098 0.3850009132068618 14
1744084923669 0.3659006121051081 15
1744084949953 0.3310949273035677 16
1744084976787 0.3546017459056473 17
1744085003154 0.3732304847402971 18
1744085030597 0.37455360292821716 19
1744085057617 0.3593102257205834 20
1744085082036 0.35172254395320945 21
1744085117373 0.3442604433708593 22
1744085144899 0.33549934421355576 23
1744085171382 0.3417633537570226 24
1744085197336 0.3106524955230621 25
1744085222109 0.3181813757838159 26
