1744084544334 0.9093729328425204 0
1744084569104 0.7146703168505528 1
1744084592959 0.591879417173198 2
1744084617171 0.5572622601614624 3
1744084641620 0.49231771733917173 4
1744084665173 0.4507109607096578 5
1744084689922 0.4581973878819434 6
1744084714486 0.45528170454208966 7
1744084738676 0.4183704777941352 8
1744084762799 0.40916245528420464 9
1744084787640 0.4107736535981053 10
1744084812393 0.3558347829785503 11
1744084841130 0.38662101255088555 12
1744084870226 0.3792785641844155 13
1744084897098 0.3850009248393481 14
1744084923669 0.36590061080260355 15
1744084949953 0.331094928635437 16
1744084976787 0.35460175152440543 17
1744085003154 0.37323048552040194 18
1744085030597 0.3745536053034126 19
1744085057617 0.3593102283165103 20
1744085082036 0.3517225522731171 21
1744085117373 0.3442604522236058 22
1744085144899 0.33549935169151573 23
1744085171382 0.3417633624106157 24
1744085197336 0.3106525018200523 25
1744085222109 0.3181813827059308 26
