1744115548720 0.0 0
1744115568575 1.0 1
1744115587874 2.0 2
1744115606888 3.0 3
1744115625933 4.0 4
1744115644757 5.0 5
1744115663972 6.0 6
1744115682978 7.0 7
1744115702063 8.0 8
1744115722544 9.0 9
1744115742194 10.0 10
1744115761560 11.0 11
1744115780664 12.0 12
1744115799820 13.0 13
1744115818755 14.0 14
1744115837701 15.0 15
1744115856826 16.0 16
1744115875856 17.0 17
1744115894945 18.0 18
1744115913773 19.0 19
1744115933313 20.0 20
1744115952413 21.0 21
1744115971333 22.0 22
1744115990307 23.0 23
1744116009340 24.0 24
1744116028282 25.0 25
