1744115548699 0.8432329267751976 0
1744115568555 0.6355017509128227 1
1744115587855 0.5720366088093304 2
1744115606867 0.48112033185411673 3
1744115625911 0.5431023539334047 4
1744115644739 0.40774827499370103 5
1744115663952 0.37149809703963704 6
1744115682956 0.3783265295453736 7
1744115702043 0.3935242573745915 8
1744115722518 0.3659772059467972 9
1744115742172 0.3647413606770703 10
1744115761538 0.3252229746736464 11
1744115780642 0.3357331955530604 12
1744115799796 0.32492923064798607 13
1744115818732 0.321131916564019 14
1744115837680 0.30885310587091525 15
1744115856803 0.2708872429660109 16
1744115875834 0.2707784143505526 17
1744115894922 0.32402971032701555 18
1744115913751 0.27728064859011137 19
1744115933291 0.26267483341889303 20
1744115952391 0.24500092344938731 21
1744115971310 0.2734400840079198 22
1744115990285 0.2633955333931524 23
1744116009322 0.2949986635844727 24
1744116028259 0.2546085478951696 25
