1744115548699 0.6849965234526275 0
1744115568555 0.5921578484617906 1
1744115587855 0.5801257084640343 2
1744115606867 0.523292681821393 3
1744115625911 0.5439069720639089 4
1744115644739 0.4835895630276553 5
1744115663952 0.4431365445953453 6
1744115682956 0.4575187521029895 7
1744115702043 0.47485438465227275 8
1744115722518 0.44010438237802374 9
1744115742172 0.4382531249776096 10
1744115761538 0.4276405576865896 11
1744115780642 0.4231641445861102 12
1744115799796 0.42488596188031713 13
1744115818732 0.4139372835984159 14
1744115837680 0.4106478779167038 15
1744115856803 0.37772312936159314 16
1744115875834 0.3777292399372031 17
1744115894922 0.419971096452295 18
1744115913751 0.38719189083432687 19
1744115933291 0.3723819653890375 20
1744115952391 0.3605966235920685 21
1744115971310 0.3843000657869187 22
1744115990285 0.38290124708924006 23
1744116009322 0.4008154007601119 24
1744116028259 0.38207031996345625 25
