1744115548699 -0.0612393187205896 0
1744115568555 0.2583862119120039 1
1744115587855 0.23163734882243403 2
1744115606867 0.243873925356635 3
1744115625911 0.21298417304985162 4
1744115644739 0.46457542607272 5
1744115663952 0.5260259419889226 6
1744115682956 0.48900852958625857 7
1744115702043 0.3003574904638289 8
1744115722518 0.49863384722098725 9
1744115742172 0.387261621870708 10
1744115761538 0.5522880800655778 11
1744115780642 0.4218893629158899 12
1744115799796 0.5380578843424563 13
1744115818732 0.5946058337686683 14
1744115837680 0.51540949688692 15
1744115856803 0.5706448558564139 16
1744115875834 0.5609042977355745 17
1744115894922 0.49248502733811983 18
1744115913751 0.6193479501869836 19
1744115933291 0.6062717546398685 20
1744115952391 0.6344905281914833 21
1744115971310 0.5422865762433206 22
1744115990285 0.6467821950627407 23
1744116009322 0.45527767928489743 24
1744116028259 0.5922478946577182 25
