1744115548699 0.8432329107160512 0
1744115568555 0.635501748096475 1
1744115587855 0.5720365934086648 2
1744115606867 0.48112032078628697 3
1744115625911 0.5431023425567252 4
1744115644739 0.40774826000028647 5
1744115663952 0.37149809304480286 6
1744115682956 0.37832651700829856 7
1744115702043 0.3935242530004678 8
1744115722518 0.3659771972597944 9
1744115742172 0.3647413594986591 10
1744115761538 0.3252229651171525 11
1744115780642 0.33573318396418284 12
1744115799796 0.32492922573471505 13
1744115818732 0.3211319099544122 14
1744115837680 0.308853101565912 15
1744115856803 0.2708872377176981 16
1744115875834 0.2707784087351076 17
1744115894922 0.32402970434045086 18
1744115913751 0.2772806475426885 19
1744115933291 0.2626748281175336 20
1744115952391 0.24500091394889126 21
1744115971310 0.27344008422159005 22
1744115990285 0.2633955284749748 23
1744116009322 0.2949986540501718 24
1744116028259 0.25460854391775195 25
