1744088874405 0.0 0
1744088895331 1.0 1
1744088916145 2.0 2
1744088936743 3.0 3
1744088957431 4.0 4
1744088977894 5.0 5
1744088999012 6.0 6
1744089020184 7.0 7
1744089043757 8.0 8
1744089067355 9.0 9
1744089091148 10.0 10
1744089116357 11.0 11
1744089140253 12.0 12
1744089161006 13.0 13
1744089182618 14.0 14
1744089203099 15.0 15
1744089223960 16.0 16
1744089244600 17.0 17
1744089265457 18.0 18
1744089286169 19.0 19
1744089306635 20.0 20
1744089327266 21.0 21
1744089355609 22.0 22
1744089384542 23.0 23
1744089416274 24.0 24
1744089444231 25.0 25
1744089473225 26.0 26
1744089501562 27.0 27
1744089529809 28.0 28
