1744088874377 -0.1184951845691755 0
1744088895298 0.08007671217531673 1
1744088916117 0.21997652997681208 2
1744088936714 0.18637564291265443 3
1744088957403 0.15721540561297173 4
1744088977863 0.32016804783011243 5
1744088998984 0.0788565938292892 6
1744089020154 0.3286013383654158 7
1744089043722 0.4628558398751356 8
1744089067319 0.42638916061882787 9
1744089091114 0.4266769811369663 10
1744089116323 0.36453447783518445 11
1744089140223 0.49527076489428773 12
1744089160976 0.3815443009976823 13
1744089182590 0.4639407939358538 14
1744089203072 0.5497546705342029 15
1744089223931 0.4688506029421282 16
1744089244571 0.4960069636041852 17
1744089265423 0.33008292256964783 18
1744089286139 0.546158636976493 19
1744089306607 0.5491277340373146 20
1744089327234 0.43727092051271205 21
1744089355568 0.47350512833866204 22
1744089384501 0.4545431869215148 23
1744089416238 0.6126288141519375 24
1744089444200 0.54351039793162 25
1744089472814 0.6058725425054317 26
1744089501523 0.40429923805030177 27
1744089529770 0.6178987176020806 28
