1744088874377 0.899665894177812 0
1744088895298 0.6741130383679128 1
1744088916117 0.6216736357714358 2
1744088936714 0.5303921975288681 3
1744088957403 0.5178728968897939 4
1744088977863 0.47226989423209725 5
1744088998984 0.4501333037800866 6
1744089020154 0.436825602965415 7
1744089043722 0.4125341655380383 8
1744089067319 0.4150666417998047 9
1744089091114 0.3603138682003766 10
1744089116323 0.40479151304939776 11
1744089140223 0.3592950677836168 12
1744089160976 0.4015542654738949 13
1744089182590 0.3559418223074534 14
1744089203072 0.3449464480538863 15
1744089223931 0.36694255648893637 16
1744089244571 0.341776131037694 17
1744089265423 0.35656267823161003 18
1744089286139 0.32592895514122044 19
1744089306607 0.3127845322146198 20
1744089327234 0.3038540612347918 21
1744089355568 0.28534372814983305 22
1744089384501 0.2764756516584605 23
1744089416238 0.2894049709045391 24
1744089444200 0.30427872992217037 25
1744089472814 0.3009192431286845 26
1744089501523 0.32313102144166894 27
1744089529770 0.2874613600343896 28
