1744088874377 0.8996659155751838 0
1744088895298 0.6741130481489369 1
1744088916117 0.6216736335734852 2
1744088936714 0.530392199754715 3
1744088957403 0.517872903312816 4
1744088977863 0.47226990881513375 5
1744088998984 0.450133312188211 6
1744089020154 0.4368256143614894 7
1744089043722 0.4125341691198896 8
1744089067319 0.4150666546259747 9
1744089091114 0.3603138757533714 10
1744089116323 0.4047915192901111 11
1744089140223 0.35929506968279357 12
1744089160976 0.40155427414374273 13
1744089182590 0.35594183481374725 14
1744089203072 0.34494645808075297 15
1744089223931 0.36694256252929813 16
1744089244571 0.3417761339271655 17
1744089265423 0.35656268595427765 18
1744089286139 0.3259289628047435 19
1744089306607 0.31278453419198754 20
1744089327234 0.3038540604356371 21
1744089355568 0.2853437368987036 22
1744089384501 0.27647565671655 23
1744089416238 0.28940497644123486 24
1744089444200 0.304278734766069 25
1744089472814 0.30091925386766916 26
1744089501523 0.3231310281963622 27
1744089529770 0.2874613677869078 28
