1744088874377 0.7553746764532856 0
1744088895298 0.6452210708355908 1
1744088916117 0.6011498393473098 2
1744088936714 0.5585095299313689 3
1744088957403 0.5487108881542042 4
1744088977863 0.5234421718651887 5
1744088998984 0.4936943107974192 6
1744089020154 0.48895563531407443 7
1744089043722 0.4718964225263972 8
1744089067319 0.48373096033630514 9
1744089091114 0.44763678022217557 10
1744089116323 0.47533394886521735 11
1744089140223 0.4571607501688795 12
1744089160976 0.45997531272654163 13
1744089182590 0.44383178837521026 14
1744089203072 0.4467072348950095 15
1744089223931 0.46037973436664364 16
1744089244571 0.4447793343183305 17
1744089265423 0.4382502805622285 18
1744089286139 0.4253895858638599 19
1744089306607 0.42131020862487006 20
1744089327234 0.40850627551700086 21
1744089355568 0.3971014713949926 22
1744089384501 0.38464865758073585 23
1744089416238 0.404871943628904 24
1744089444200 0.4193061046167455 25
1744089472814 0.40335122584568867 26
1744089501523 0.4304964582664801 27
1744089529770 0.3971344177209126 28
