1742396670681 0.0 0
1742396697196 1.0 1
1742396721522 2.0 2
1742396745684 3.0 3
1742396769576 4.0 4
1742396793276 5.0 5
1742396817142 6.0 6
1742396845236 7.0 7
1742396873241 8.0 8
1742396900731 9.0 9
1742396927913 10.0 10
1742396955636 11.0 11
1742396982945 12.0 12
1742397010016 13.0 13
1742397037913 14.0 14
1742397065430 15.0 15
1742397091164 16.0 16
1742397114528 17.0 17
1742397138086 18.0 18
1742397161639 19.0 19
1742397188986 20.0 20
1742397215242 21.0 21
1742397243988 22.0 22
1742397267918 23.0 23
1742397288909 24.0 24
1742397309049 25.0 25
