1742396670654 nan 0
1742396697165 nan 1
1742396721494 nan 2
1742396745656 nan 3
1742396769550 nan 4
1742396793245 nan 5
1742396817119 nan 6
1742396845198 nan 7
1742396873210 nan 8
1742396900699 nan 9
1742396927881 nan 10
1742396955603 nan 11
1742396982914 nan 12
1742397009987 nan 13
1742397037879 nan 14
1742397065403 nan 15
1742397091136 nan 16
1742397114505 nan 17
1742397138062 nan 18
1742397161613 nan 19
1742397188957 nan 20
1742397215208 nan 21
1742397243956 nan 22
1742397267893 nan 23
1742397288890 nan 24
1742397309025 nan 25
