1742396670654 0.7457118535139522 0
1742396697165 0.6476483065329615 1
1742396721494 0.6125802109475995 2
1742396745656 0.5680641216821358 3
1742396769550 0.5539809197920268 4
1742396793245 0.515936645816584 5
1742396817119 0.509048487319321 6
1742396845198 0.4986220661733971 7
1742396873210 0.469936700751547 8
1742396900699 0.46245878421869435 9
1742396927881 0.4349728640718538 10
1742396955603 0.4417756345794826 11
1742396982914 0.4153858305977993 12
1742397009987 0.4281479538586296 13
1742397037879 0.4200276087542049 14
1742397065403 0.4123109587025447 15
1742397091136 0.4063089557724898 16
1742397114505 0.4020833216729711 17
1742397138062 0.39187087607188303 18
1742397161613 0.40705935809700217 19
1742397188957 0.3863127556492071 20
1742397215208 0.40300832737664705 21
1742397243956 0.38764753644583655 22
1742397267893 0.38697469759671416 23
1742397288890 0.39676223096788904 24
1742397309025 0.38249338454887516 25
