1742396670654 0.955615801645107 0
1742396697165 0.708291276358068 1
1742396721494 0.6160936369636997 2
1742396745656 0.5160751849351848 3
1742396769550 0.5338584196249969 4
1742396793245 0.4458455014668527 5
1742396817119 0.45006603268204165 6
1742396845198 0.42669845697637954 7
1742396873210 0.3948124641644173 8
1742396900699 0.3864451745433397 9
1742396927881 0.33679272319938314 10
1742396955603 0.3403982039479936 11
1742396982914 0.31934089050246556 12
1742397009987 0.328694098094692 13
1742397037879 0.3065772526210449 14
1742397065403 0.2986760317638028 15
1742397091136 0.2850888439790025 16
1742397114505 0.29476306427148036 17
1742397138062 0.2722232109393741 18
1742397161613 0.2993176370767541 19
1742397188957 0.26298475723530423 20
1742397215208 0.27457963293570964 21
1742397243956 0.26699784688926376 22
1742397267893 0.26439763620862217 23
1742397288890 0.2584019155073606 24
1742397309025 0.2542661738459815 25
