1742396670654 0.9556157901638844 0
1742396697165 0.7082912635943684 1
1742396721494 0.6160936281085014 2
1742396745656 0.5160751839580594 3
1742396769550 0.5338584105865877 4
1742396793245 0.4458454942605535 5
1742396817119 0.45006602223901476 6
1742396845198 0.4266984473883373 7
1742396873210 0.3948124567138367 8
1742396900699 0.3864451641919183 9
1742396927881 0.33679271657325205 10
1742396955603 0.3403981996425351 11
1742396982914 0.3193408858305851 12
1742397009987 0.32869409526255533 13
1742397037879 0.3065772491553035 14
1742397065403 0.2986760298248197 15
1742397091136 0.28508883674980184 16
1742397114505 0.2947630598591488 17
1742397138062 0.2722232081530402 18
1742397161613 0.2993176306796367 19
1742397188957 0.2629847556474756 20
1742397215208 0.27457962838596983 21
1742397243956 0.2669978434845927 22
1742397267893 0.26439763202530436 23
1742397288890 0.25840191307981486 24
1742397309025 0.25426616941838237 25
