1744083653369 0.0 0
1744083685587 1.0 1
1744083718062 2.0 2
1744083752504 3.0 3
1744083786741 4.0 4
1744083815806 5.0 5
1744083849474 6.0 6
1744083881939 7.0 7
1744083912871 8.0 8
1744083944281 9.0 9
1744083976148 10.0 10
1744084007046 11.0 11
1744084035755 12.0 12
1744084066059 13.0 13
1744084092802 14.0 14
1744084118275 15.0 15
1744084143217 16.0 16
1744084169395 17.0 17
1744084201491 18.0 18
1744084232676 19.0 19
1744084263206 20.0 20
1744084295620 21.0 21
1744084323773 22.0 22
1744084351905 23.0 23
1744084383928 24.0 24
1744084414912 25.0 25
1744084445107 26.0 26
