1744083653321 0.8535330119680186 0
1744083685548 0.6538765486635145 1
1744083718022 0.49001906983187943 2
1744083752457 0.4935363109727375 3
1744083786708 0.40672389491171135 4
1744083815771 0.3504135129881687 5
1744083849435 0.3470771919752731 6
1744083881897 0.3668623665561441 7
1744083912824 0.35379350490745953 8
1744083944239 0.3769148930174405 9
1744083976108 0.32306901689191336 10
1744084007007 0.3595018022861637 11
1744084035701 0.35321894782732743 12
1744084066027 0.3012604655423125 13
1744084092767 0.28791402817749584 14
1744084118245 0.3020223875636937 15
1744084143185 0.2995832246102271 16
1744084169350 0.267726763411135 17
1744084201453 0.24108162265820582 18
1744084232633 0.2987227935771473 19
1744084263168 0.2613507896417477 20
1744084295577 0.265018352902815 21
1744084323734 0.2931580905970491 22
1744084351870 0.2554812954708201 23
1744084383888 0.2630056599002393 24
1744084414882 0.2739631166590042 25
1744084445065 0.26405843542736085 26
