1744083653321 0.8535329877503749 0
1744083685548 0.65387653809246 1
1744083718022 0.49001906119438354 2
1744083752457 0.4935362905659908 3
1744083786708 0.4067238870135006 4
1744083815771 0.35041350930690784 5
1744083849435 0.34707718680611055 6
1744083881897 0.3668623610251739 7
1744083912824 0.3537935022553308 8
1744083944239 0.3769148828085645 9
1744083976108 0.3230690088813309 10
1744084007007 0.3595017946919629 11
1744084035701 0.3532189371159257 12
1744084066027 0.3012604605723312 13
1744084092767 0.2879140209378504 14
1744084118245 0.3020223817414485 15
1744084143185 0.2995832193106252 16
1744084169350 0.26772676201824047 17
1744084201453 0.24108162050662457 18
1744084232633 0.29872279825869413 19
1744084263168 0.26135078551607 20
1744084295577 0.26501834398239654 21
1744084323734 0.2931580803163659 22
1744084351870 0.25548129193541763 23
1744084383888 0.263005656298689 24
1744084414882 0.27396311123160183 25
1744084445065 0.2640584296519256 26
