1744083653321 0.7160070228317876 0
1744083685548 0.6202058937600331 1
1744083718022 0.538894238351091 2
1744083752457 0.5459569947533257 3
1744083786708 0.48191344304470846 4
1744083815771 0.46251194110213995 5
1744083849435 0.43267178202564494 6
1744083881897 0.4539836058114488 7
1744083912824 0.43858667316024647 8
1744083944239 0.45761803213158325 9
1744083976108 0.4355389406687015 10
1744084007007 0.45010651206340685 11
1744084035701 0.43869521157584496 12
1744084066027 0.40975198606627133 13
1744084092767 0.39949366696156013 14
1744084118245 0.41233563722464994 15
1744084143185 0.40779452895697293 16
1744084169350 0.39465294716500576 17
1744084201453 0.3706490707928518 18
1744084232633 0.39611002613670737 19
1744084263168 0.3893697288104898 20
1744084295577 0.3861764829650349 21
1744084323734 0.4063486718258419 22
1744084351870 0.37440527141071306 23
1744084383888 0.3901364340119909 24
1744084414882 0.37887146281640816 25
1744084445065 0.38260516784309107 26
