1744083653321 0.02607025820220584 0
1744083685548 0.15028366047292233 1
1744083718022 0.35749312107801556 2
1744083752457 0.3110900669294548 3
1744083786708 0.46709699518824555 4
1744083815771 0.5649410654160026 5
1744083849435 0.49706148942619116 6
1744083881897 0.43865442756489936 7
1744083912824 0.4066460646574084 8
1744083944239 0.43031024115188304 9
1744083976108 0.5570781048952564 10
1744084007007 0.4104224014833651 11
1744084035701 0.4441196755647138 12
1744084066027 0.501818020918482 13
1744084092767 0.6357737489269213 14
1744084118245 0.5684685904955574 15
1744084143185 0.5750834944677606 16
1744084169350 0.5525144497773742 17
1744084201453 0.686314322922655 18
1744084232633 0.5590578544314038 19
1744084263168 0.6631363118345157 20
1744084295577 0.5986370626348854 21
1744084323734 0.6107308626971812 22
1744084351870 0.6434369995723819 23
1744084383888 0.6302401945974183 24
1744084414882 0.5770192776231367 25
1744084445065 0.6408779476231551 26
