1744037017643 0.0 0
1744037039505 1.0 1
1744037060482 2.0 2
1744037081175 3.0 3
1744037102595 4.0 4
1744037127606 5.0 5
1744037153387 6.0 6
1744037178072 7.0 7
1744037203019 8.0 8
1744037227678 9.0 9
1744037252450 10.0 10
1744037277473 11.0 11
1744037302496 12.0 12
1744037327136 13.0 13
1744037351653 14.0 14
1744037377141 15.0 15
1744037401861 16.0 16
1744037425997 17.0 17
1744037447205 18.0 18
1744037469626 19.0 19
1744037490441 20.0 20
1744037513051 21.0 21
1744037537321 22.0 22
1744037561195 23.0 23
1744037587698 24.0 24
1744037617030 25.0 25
1744037648712 26.0 26
1744037674945 27.0 27
1744037700420 28.0 28
1744037727025 29.0 29
