1744126438953 0.0 0
1744126458948 1.0 1
1744126479761 2.0 2
1744126499193 3.0 3
1744126521299 4.0 4
1744126544425 5.0 5
1744126567558 6.0 6
1744126589637 7.0 7
1744126612413 8.0 8
1744126636288 9.0 9
1744126656114 10.0 10
1744126676416 11.0 11
1744126696415 12.0 12
1744126715810 13.0 13
1744126735389 14.0 14
1744126755857 15.0 15
1744126775735 16.0 16
1744126796199 17.0 17
1744126818048 18.0 18
1744126838466 19.0 19
1744126859195 20.0 20
1744126879159 21.0 21
1744126898733 22.0 22
1744126917876 23.0 23
1744126938931 24.0 24
1744126959634 25.0 25
1744126979884 26.0 26
1744126999928 27.0 27
1744127019021 28.0 28
1744127037804 29.0 29
