1744086383111 0.0 0
1744086407980 1.0 1
1744086433084 2.0 2
1744086457043 3.0 3
1744086481065 4.0 4
1744086504742 5.0 5
1744086531583 6.0 6
1744086555754 7.0 7
1744086588036 8.0 8
1744086617733 9.0 9
1744086646744 10.0 10
1744086676225 11.0 11
1744086705763 12.0 12
1744086735825 13.0 13
1744086767644 14.0 14
1744086798767 15.0 15
1744086828201 16.0 16
1744086853519 17.0 17
1744086879424 18.0 18
1744086906811 19.0 19
1744086935090 20.0 20
1744086965955 21.0 21
1744086994965 22.0 22
1744087024923 23.0 23
1744087056532 24.0 24
1744087085436 25.0 25
