1744086383071 0.6953094988507906 0
1744086407934 0.5911354222160619 1
1744086433059 0.5489081025893336 2
1744086457011 0.5504822968934088 3
1744086481027 0.5440612247596683 4
1744086504713 0.517710962323243 5
1744086531546 0.5104676300370964 6
1744086555719 0.49342642775469564 7
1744086587993 0.4755993654886566 8
1744086617696 0.4819687209816019 9
1744086646707 0.47613751026534584 10
1744086676189 0.5173697996382025 11
1744086705724 0.4813723533527539 12
1744086735782 0.47806930138482684 13
1744086767600 0.46578259651047876 14
1744086798723 0.4583520590153375 15
1744086828162 0.44098837299977267 16
1744086853487 0.44959998859838163 17
1744086879345 0.451711900658076 18
1744086906771 0.4473801113447541 19
1744086935052 0.42677433410000376 20
1744086965916 0.4390685420723816 21
1744086994893 0.4313314800599814 22
1744087024875 0.44213453030857497 23
1744087056493 0.4108717049524198 24
1744087085396 0.42791234181412685 25
