1744086383071 -0.0013418046384458674 0
1744086407934 0.19127431202185127 1
1744086433059 0.32291947449501734 2
1744086457011 -0.0473213404454436 3
1744086481027 0.3472475130510528 4
1744086504713 0.32920247517614365 5
1744086531546 0.3378480377007179 6
1744086555719 0.43291842031701666 7
1744086587993 0.3779199313968949 8
1744086617696 0.4788370992075492 9
1744086646707 0.41662191758090267 10
1744086676189 0.30662319041279684 11
1744086705724 0.4144626423222778 12
1744086735782 0.5090795824866481 13
1744086767600 0.47200574208044527 14
1744086798723 0.4588861425987739 15
1744086828162 0.4954564104925832 16
1744086853487 0.5233073914740703 17
1744086879345 0.45833465066515133 18
1744086906771 0.5688988646266362 19
1744086935052 0.6015005427076764 20
1744086965916 0.4907050594725556 21
1744086994893 0.5361735910949759 22
1744087024875 0.5328519269852786 23
1744087056493 0.5731766011404591 24
1744087085396 0.5402367202448394 25
