1744086383071 0.8051573698202039 0
1744086407934 0.5958590510077266 1
1744086433059 0.5139978988758909 2
1744086457011 0.5012628472282454 3
1744086481027 0.4837154604716019 4
1744086504713 0.4711994666979058 5
1744086531546 0.44590309893177904 6
1744086555719 0.4293087887734252 7
1744086587993 0.41027477836381554 8
1744086617696 0.40910567914880747 9
1744086646707 0.386943413602358 10
1744086676189 0.455376493270344 11
1744086705724 0.39088148393893307 12
1744086735782 0.3734492690366733 13
1744086767600 0.39400375365579 14
1744086798723 0.36941226422550105 15
1744086828162 0.35603350967187314 16
1744086853487 0.3385985994078485 17
1744086879345 0.3585687735989257 18
1744086906771 0.3472411872804446 19
1744086935052 0.32289511824796485 20
1744086965916 0.35010314254194475 21
1744086994893 0.31874990787103974 22
1744087024875 0.33764666189603376 23
1744087056493 0.29632206881058415 24
1744087085396 0.32570435101199746 25
