1744086383071 0.8051573829572709 0
1744086407934 0.5958590588120164 1
1744086433059 0.5139979052616924 2
1744086457011 0.5012628458073882 3
1744086481027 0.483715473628435 4
1744086504713 0.4711994723584808 5
1744086531546 0.4459030986076496 6
1744086555719 0.4293087995687469 7
1744086587993 0.4102747828745451 8
1744086617696 0.409105691387028 9
1744086646707 0.38694342189147823 10
1744086676189 0.4553765019432443 11
1744086705724 0.3908814866034711 12
1744086735782 0.37344927267461525 13
1744086767600 0.3940037609856637 14
1744086798723 0.3694122746342518 15
1744086828162 0.3560335109101944 16
1744086853487 0.3385986092149234 17
1744086879345 0.3585687768263895 18
1744086906771 0.3472411950103572 19
1744086935052 0.3228951202186405 20
1744086965916 0.3501031450682976 21
1744086994893 0.3187499137931183 22
1744087024875 0.33764666758599826 23
1744087056493 0.29632207726845977 24
1744087085396 0.325704356563873 25
