1743958782281 0.0 0
1743958800033 1.0 1
1743958818431 2.0 2
1743958836717 3.0 3
1743958855036 4.0 4
1743958872702 5.0 5
1743958890336 6.0 6
1743958908128 7.0 7
1743958925875 8.0 8
1743958945044 9.0 9
1743958963209 10.0 10
1743958981118 11.0 11
1743958998847 12.0 12
1743959016571 13.0 13
1743959034456 14.0 14
1743959052676 15.0 15
1743959070289 16.0 16
1743959087976 17.0 17
1743959105788 18.0 18
1743959123948 19.0 19
1743959145158 20.0 20
1743959166596 21.0 21
1743959187904 22.0 22
1743959206924 23.0 23
1743959224707 24.0 24
1743959243039 25.0 25
