1743958782258 0.681618600259306 0
1743958800004 0.5958348087752696 1
1743958818410 0.5688988456777373 2
1743958836693 0.6264635257911487 3
1743958855015 0.5087511387165086 4
1743958872678 0.46238908509067334 5
1743958890310 0.4506086701313492 6
1743958908110 0.3708434884940259 7
1743958925855 0.4402961333236489 8
1743958945021 0.43234200563403913 9
1743958963184 0.3738995424670274 10
1743958981098 0.3662838660348512 11
1743958998828 0.34174438274358626 12
1743959016553 0.3402814602204522 13
1743959034441 0.36927903706177334 14
1743959052657 0.32642083528039395 15
1743959070267 0.3110709682900886 16
1743959087955 0.33875214655074426 17
1743959105769 0.2750434035771206 18
1743959123927 0.3052725034124661 19
1743959145135 0.28969694661800977 20
1743959166568 0.2846671446058594 21
1743959187875 0.3044170846124409 22
1743959206900 0.32340498827397823 23
1743959224685 0.28945856280319515 24
1743959243015 0.3033216483084691 25
