1743958782258 0.6374640236379671 0
1743958800004 0.6048526226497087 1
1743958818410 0.59345565406514 2
1743958836693 0.5913660956210778 3
1743958855015 0.5416835705276395 4
1743958872678 0.5256176819322539 5
1743958890310 0.4994363247371111 6
1743958908110 0.46715510038078806 7
1743958925855 0.49474780456941636 8
1743958945021 0.4917828832737735 9
1743958963184 0.46869461177313915 10
1743958981098 0.4627058619602782 11
1743958998828 0.4468941722736984 12
1743959016553 0.4481192167665138 13
1743959034441 0.46517653219768257 14
1743959052657 0.43410453395765336 15
1743959070267 0.4292448441513249 16
1743959087955 0.4305191366154639 17
1743959105769 0.39628097353900066 18
1743959123927 0.41510659126473254 19
1743959145135 0.4077891424054005 20
1743959166568 0.40587138054800814 21
1743959187875 0.4250982175352144 22
1743959206900 0.4276787843860564 23
1743959224685 0.41755051068106636 24
1743959243015 0.4102803680007575 25
