1743958782258 0.6816185851749338 0
1743958800004 0.5958347956451481 1
1743958818410 0.5688988341354444 2
1743958836693 0.6264635195009044 3
1743958855015 0.508751135113359 4
1743958872678 0.46238907658662953 5
1743958890310 0.4506086653678632 6
1743958908110 0.37084347812733687 7
1743958925855 0.44029612294169235 8
1743958945021 0.43234200207669227 9
1743958963184 0.37389953553554467 10
1743958981098 0.36628385739339914 11
1743958998828 0.34174437604111724 12
1743959016553 0.340281449716355 13
1743959034441 0.36927903209599194 14
1743959052657 0.3264208270664342 15
1743959070267 0.31107096006086127 16
1743959087955 0.3387521403673731 17
1743959105769 0.2750434028137414 18
1743959123927 0.3052724961527303 19
1743959145135 0.289696945182857 20
1743959166568 0.2846671373079546 21
1743959187875 0.3044170778947043 22
1743959206900 0.3234049861365166 23
1743959224685 0.28945855779542784 24
1743959243015 0.3033216440488134 25
