1743958782258 nan 0
1743958800004 nan 1
1743958818410 nan 2
1743958836693 nan 3
1743958855015 nan 4
1743958872678 nan 5
1743958890310 nan 6
1743958908110 nan 7
1743958925855 nan 8
1743958945021 nan 9
1743958963184 nan 10
1743958981098 nan 11
1743958998828 nan 12
1743959016553 nan 13
1743959034441 nan 14
1743959052657 nan 15
1743959070267 nan 16
1743959087955 nan 17
1743959105769 nan 18
1743959123927 nan 19
1743959145135 nan 20
1743959166568 nan 21
1743959187875 nan 22
1743959206900 nan 23
1743959224685 nan 24
1743959243015 nan 25
