1744114451291 0.0 0
1744114470971 1.0 1
1744114491012 2.0 2
1744114511453 3.0 3
1744114533744 4.0 4
1744114555541 5.0 5
1744114574765 6.0 6
1744114593634 7.0 7
1744114612717 8.0 8
1744114631460 9.0 9
1744114650995 10.0 10
1744114670065 11.0 11
1744114689107 12.0 12
1744114708304 13.0 13
1744114727701 14.0 14
1744114746979 15.0 15
1744114765765 16.0 16
1744114784814 17.0 17
1744114803793 18.0 18
1744114822760 19.0 19
1744114842108 20.0 20
1744114861072 21.0 21
1744114880019 22.0 22
1744114898912 23.0 23
1744114917818 24.0 24
1744114936498 25.0 25
