1744114451270 -0.051972743661687214 0
1744114470950 0.2091273056918651 1
1744114490986 0.13502101591674387 2
1744114511430 0.24903611880189694 3
1744114533722 0.404910421596744 4
1744114555519 0.3228652670815561 5
1744114574746 0.35569294154127906 6
1744114593616 0.44282466064040543 7
1744114612695 0.37207737164653903 8
1744114631438 0.5261201865217591 9
1744114650975 0.4098156413857694 10
1744114670045 0.5464618308111442 11
1744114689085 0.5905265573393385 12
1744114708280 0.4173874911479685 13
1744114727681 0.5921026725021076 14
1744114746958 0.47949561732660284 15
1744114765745 0.5723142687432373 16
1744114784793 0.6155166730073774 17
1744114803773 0.325433323854864 18
1744114822740 0.5838020603356227 19
1744114842091 0.49063108788725973 20
1744114861055 0.671380431817723 21
1744114879998 0.6839814677893258 22
1744114898892 0.5271280676243607 23
1744114917795 0.7126554626974865 24
1744114936481 0.5762366808637721 25
