1744114451270 0.9356857941287463 0
1744114470950 0.6723318757092367 1
1744114490986 0.6313612660179373 2
1744114511430 0.5745448869515638 3
1744114533722 0.5171181519256264 4
1744114555519 0.4972014893762401 5
1744114574746 0.468233482393085 6
1744114593616 0.43365849835462256 7
1744114612695 0.4270692023708195 8
1744114631438 0.39587856902450813 9
1744114650975 0.40111916225220334 10
1744114670045 0.360210760084332 11
1744114689085 0.3274405788569177 12
1744114708280 0.36824792275419 13
1744114727681 0.3289829725857641 14
1744114746958 0.3687999420722977 15
1744114765745 0.3198170506196921 16
1744114784793 0.32013503437648055 17
1744114803773 0.34971186005678334 18
1744114822740 0.3118660214250205 19
1744114842091 0.3415115714439603 20
1744114861055 0.28231525613514125 21
1744114879998 0.25778248484750266 22
1744114898892 0.3119311146438122 23
1744114917795 0.24827340242193371 24
1744114936481 0.2842107161146695 25
