1744114451270 0.7697107241318506 0
1744114470950 0.653736484911588 1
1744114490986 0.6091518526487153 2
1744114511430 0.5871925549752135 3
1744114533722 0.551234891360544 4
1744114555519 0.5253218871258871 5
1744114574746 0.5181318946078399 6
1744114593616 0.49322801008387956 7
1744114612695 0.48596239730517277 8
1744114631438 0.45804813414929146 9
1744114650975 0.46755094229131733 10
1744114670045 0.44629865746736475 11
1744114689085 0.4168837336205007 12
1744114708280 0.4459616761260203 13
1744114727681 0.4238708018546649 14
1744114746958 0.44971598600739704 15
1744114765745 0.4189455874287142 16
1744114784793 0.4111243991336475 17
1744114803773 0.44684120423842444 18
1744114822740 0.4121995846448273 19
1744114842091 0.4279101199182921 20
1744114861055 0.39492217187026685 21
1744114879998 0.38248565554735897 22
1744114898892 0.4172958088176111 23
1744114917795 0.369926938163422 24
1744114936481 0.4056050484916042 25
