1744114451270 0.9356857691718365 0
1744114470950 0.6723318712677337 1
1744114490986 0.6313612535227743 2
1744114511430 0.5745448792816289 3
1744114533722 0.5171181354387899 4
1744114555519 0.4972014789962788 5
1744114574746 0.4682334733180942 6
1744114593616 0.4336584878923723 7
1744114612695 0.4270691856306257 8
1744114631438 0.3958785604737168 9
1744114650975 0.40111915812453086 10
1744114670045 0.3602107515706179 11
1744114689085 0.32744057646803865 12
1744114708280 0.3682479128092883 13
1744114727681 0.3289829669798757 14
1744114746958 0.36879993594397537 15
1744114765745 0.31981704469250044 16
1744114784793 0.32013502590283843 17
1744114803773 0.3497118528300177 18
1744114822740 0.31186601494016486 19
1744114842091 0.34151156744836153 20
1744114861055 0.28231525350385045 21
1744114879998 0.25778248435100026 22
1744114898892 0.3119311112724848 23
1744114917795 0.24827339488669078 24
1744114936481 0.2842107123865675 25
