1744026153777 0.0 0
1744026170287 1.0 1
1744026188233 2.0 2
1744026205918 3.0 3
1744026223093 4.0 4
1744026238584 5.0 5
1744026253831 6.0 6
1744026268847 7.0 7
1744026284776 8.0 8
1744026300150 9.0 9
1744026315312 10.0 10
1744026330346 11.0 11
1744026345910 12.0 12
1744026361262 13.0 13
1744026377008 14.0 14
1744026392894 15.0 15
1744026408306 16.0 16
1744026423974 17.0 17
1744026439432 18.0 18
1744026454760 19.0 19
1744026470765 20.0 20
1744026486499 21.0 21
1744026501974 22.0 22
1744026517461 23.0 23
1744026532856 24.0 24
1744026548160 25.0 25
1744026563812 26.0 26
1744026579063 27.0 27
1744026596073 28.0 28
1744026611429 29.0 29
