1744088238198 0.0 0
1744088259582 1.0 1
1744088280739 2.0 2
1744088302310 3.0 3
1744088323526 4.0 4
1744088344208 5.0 5
1744088364795 6.0 6
1744088385486 7.0 7
1744088406393 8.0 8
1744088428754 9.0 9
1744088453475 10.0 10
1744088477335 11.0 11
1744088501127 12.0 12
1744088525063 13.0 13
1744088548835 14.0 14
1744088571299 15.0 15
1744088591823 16.0 16
1744088612389 17.0 17
1744088633822 18.0 18
1744088654355 19.0 19
1744088674663 20.0 20
1744088695104 21.0 21
1744088715495 22.0 22
1744088735893 23.0 23
1744088756482 24.0 24
1744088776896 25.0 25
1744088797162 26.0 26
