1744088238168 0.9093729328425204 0
1744088259555 0.7146703168505528 1
1744088280711 0.591879417173198 2
1744088302280 0.5572622601614624 3
1744088323490 0.49231771733917173 4
1744088344179 0.4507109607096578 5
1744088364766 0.4581973878819434 6
1744088385457 0.45528170454208966 7
1744088406362 0.4183704777941352 8
1744088428721 0.40916245528420464 9
1744088453439 0.4107736535981053 10
1744088477299 0.3558347829785503 11
1744088501095 0.38662101255088555 12
1744088525029 0.3792785641844155 13
1744088548801 0.3850009248393481 14
1744088571271 0.36590061080260355 15
1744088591796 0.331094928635437 16
1744088612360 0.35460175152440543 17
1744088633795 0.37323048552040194 18
1744088654327 0.3745536053034126 19
1744088674635 0.3593102283165103 20
1744088695073 0.3517225522731171 21
1744088715461 0.3442604522236058 22
1744088735865 0.33549935169151573 23
1744088756454 0.3417633624106157 24
1744088776869 0.3106525018200523 25
1744088797135 0.3181813827059308 26
