1744088238168 0.7288240311104967 0
1744088259555 0.6592143197892528 1
1744088280711 0.6031615242369657 2
1744088302280 0.5570095503140403 3
1744088323490 0.5379796831728637 4
1744088344179 0.49718913384713237 5
1744088364766 0.5206550010976183 6
1744088385457 0.5140020253032426 7
1744088406362 0.4911498991576599 8
1744088428721 0.4893324646867221 9
1744088453439 0.48287018112802654 10
1744088477299 0.4520763592130398 11
1744088501095 0.467426164218993 12
1744088525029 0.4653084202911298 13
1744088548801 0.4548999609097411 14
1744088571271 0.4460851302663058 15
1744088591796 0.43345241798520534 16
1744088612360 0.4574683295636656 17
1744088633795 0.4529345680392078 18
1744088654327 0.46255483787247276 19
1744088674635 0.45303944066304286 20
1744088695073 0.44365356220415914 21
1744088715461 0.4455379902392809 22
1744088735865 0.41600714896225416 23
1744088756454 0.4407544752417509 24
1744088776869 0.412207121229756 25
1744088797135 0.43407847300512825 26
