1744088238168 0.003734356094220739 0
1744088259555 0.14853157544748963 1
1744088280711 0.24101886031137498 2
1744088302280 0.2840447530230066 3
1744088323490 0.3739121490276514 4
1744088344179 0.4881063391846584 5
1744088364766 0.4357932858926102 6
1744088385457 0.3550737736051844 7
1744088406362 0.42441283941982194 8
1744088428721 0.49976048199509543 9
1744088453439 0.5108054279184724 10
1744088477299 0.4725331946186439 11
1744088501095 0.500294066730416 12
1744088525029 0.3447772205028161 13
1744088548801 0.5100202613234103 14
1744088571271 0.44687650680638297 15
1744088591796 0.5394395542009781 16
1744088612360 0.5349301026858364 17
1744088633795 0.48847925299096745 18
1744088654327 0.03826634337061201 19
1744088674635 0.49556441673929535 20
1744088695073 0.3917666685146429 21
1744088715461 0.5348312636017326 22
1744088735865 0.6049015089918282 23
1744088756454 0.5529027265444058 24
1744088776869 0.5707692951171444 25
1744088797135 0.596912739766415 26
