1744088238168 0.9093729208912273 0
1744088259555 0.7146703025368448 1
1744088280711 0.5918794011912673 2
1744088302280 0.5572622490672715 3
1744088323490 0.49231770888230075 4
1744088344179 0.45071096140708267 5
1744088364766 0.4581973819588276 6
1744088385457 0.4552816997085442 7
1744088406362 0.41837046709502757 8
1744088428721 0.4091624507893886 9
1744088453439 0.4107736451602458 10
1744088477299 0.3558347728124685 11
1744088501095 0.38662100964341417 12
1744088525029 0.37927855542040134 13
1744088548801 0.3850009132068618 14
1744088571271 0.3659006121051081 15
1744088591796 0.3310949273035677 16
1744088612360 0.3546017459056473 17
1744088633795 0.3732304847402971 18
1744088654327 0.37455360292821716 19
1744088674635 0.3593102257205834 20
1744088695073 0.35172254395320945 21
1744088715461 0.3442604433708593 22
1744088735865 0.33549934421355576 23
1744088756454 0.3417633537570226 24
1744088776869 0.3106524955230621 25
1744088797135 0.3181813757838159 26
