1744120064855 0.0 0
1744120089551 1.0 1
1744120111331 2.0 2
1744120133692 3.0 3
1744120157113 4.0 4
1744120181284 5.0 5
1744120205200 6.0 6
1744120229623 7.0 7
1744120252201 8.0 8
1744120274689 9.0 9
1744120300606 10.0 10
1744120326310 11.0 11
1744120348545 12.0 12
1744120371685 13.0 13
1744120395672 14.0 14
1744120418845 15.0 15
1744120443890 16.0 16
1744120465621 17.0 17
1744120489650 18.0 18
1744120513638 19.0 19
1744120540499 20.0 20
1744120568240 21.0 21
1744120594022 22.0 22
1744120621238 23.0 23
1744120647556 24.0 24
1744120670776 25.0 25
1744120694976 26.0 26
1744120720561 27.0 27
1744120744253 28.0 28
1744120768033 29.0 29
