1744119327961 0.0 0
1744119354241 1.0 1
1744119378329 2.0 2
1744119400092 3.0 3
1744119420716 4.0 4
1744119441619 5.0 5
1744119464582 6.0 6
1744119486080 7.0 7
1744119507583 8.0 8
1744119528452 9.0 9
1744119549158 10.0 10
1744119570158 11.0 11
1744119591532 12.0 12
1744119612633 13.0 13
1744119633596 14.0 14
1744119654284 15.0 15
1744119675433 16.0 16
1744119696801 17.0 17
1744119718138 18.0 18
1744119748507 19.0 19
1744119772893 20.0 20
1744119798266 21.0 21
1744119823384 22.0 22
1744119844569 23.0 23
1744119865610 24.0 24
1744119886333 25.0 25
1744119908581 26.0 26
1744119935343 27.0 27
1744119964436 28.0 28
1744119990741 29.0 29
