1744025216512 0.0 0
1744025232693 1.0 1
1744025248452 2.0 2
1744025264270 3.0 3
1744025281759 4.0 4
1744025297535 5.0 5
1744025312828 6.0 6
1744025328253 7.0 7
1744025343482 8.0 8
1744025359594 9.0 9
1744025375096 10.0 10
1744025390366 11.0 11
1744025405680 12.0 12
1744025421088 13.0 13
1744025436314 14.0 14
1744025449512 15.0 15
1744025460637 16.0 16
1744025472067 17.0 17
1744025483072 18.0 18
1744025494189 19.0 19
1744025505141 20.0 20
1744025516580 21.0 21
1744025527660 22.0 22
1744025539759 23.0 23
1744025551892 24.0 24
1744025563736 25.0 25
1744025578819 26.0 26
1744025594215 27.0 27
1744025609674 28.0 28
1744025625516 29.0 29
