1743957227569 0.0 0
1743957251271 1.0 1
1743957272926 2.0 2
1743957291363 3.0 3
1743957304448 4.0 4
1743957317383 5.0 5
1743957332153 6.0 6
1743957350723 7.0 7
1743957368765 8.0 8
1743957386427 9.0 9
1743957404071 10.0 10
1743957421885 11.0 11
1743957439676 12.0 12
1743957457215 13.0 13
1743957474891 14.0 14
1743957492470 15.0 15
1743957510280 16.0 16
1743957527693 17.0 17
1743957545544 18.0 18
1743957563193 19.0 19
1743957580947 20.0 20
1743957598496 21.0 21
1743957616192 22.0 22
1743957633954 23.0 23
1743957651575 24.0 24
1743957669210 25.0 25
