1743957227527 nan 0
1743957251239 nan 1
1743957272907 nan 2
1743957291342 nan 3
1743957304432 nan 4
1743957317366 nan 5
1743957332131 nan 6
1743957350700 nan 7
1743957368745 nan 8
1743957386404 nan 9
1743957404050 nan 10
1743957421865 nan 11
1743957439654 nan 12
1743957457194 nan 13
1743957474871 nan 14
1743957492448 nan 15
1743957510256 nan 16
1743957527666 nan 17
1743957545520 nan 18
1743957563169 nan 19
1743957580926 nan 20
1743957598473 nan 21
1743957616171 nan 22
1743957633933 nan 23
1743957651555 nan 24
1743957669190 nan 25
