1743957227527 0.7155929418799819 0
1743957251239 0.5405714793710924 1
1743957272907 0.5466101805939049 2
1743957291342 0.5457926027860386 3
1743957304432 0.4858606634814231 4
1743957317366 0.47165454989757205 5
1743957332131 0.3993641308749278 6
1743957350700 0.3914986748675831 7
1743957368745 0.3951845673813683 8
1743957386404 0.35456668683251397 9
1743957404050 0.37723059046891383 10
1743957421865 0.3318998504460591 11
1743957439654 0.3254817434601852 12
1743957457194 0.3099289906562352 13
1743957474871 0.350526699613108 14
1743957492448 0.324427358668725 15
1743957510256 0.31487482556401464 16
1743957527666 0.3166996891606507 17
1743957545520 0.29474835479479344 18
1743957563169 0.279484570270679 19
1743957580926 0.2626519140130917 20
1743957598473 0.2601189454864772 21
1743957616171 0.2745179044250704 22
1743957633933 0.25731269845769544 23
1743957651555 0.2276062337208356 24
1743957669190 0.22946641658295375 25
