1743957227527 0.6737506377403853 0
1743957251239 0.5786864353252239 1
1743957272907 0.5762486685006345 2
1743957291342 0.5771868524492764 3
1743957304432 0.5512712418300206 4
1743957317366 0.5296247045769066 5
1743957332131 0.4817071434293614 6
1743957350700 0.49020164508800035 7
1743957368745 0.48509872191753545 8
1743957386404 0.4648229368641728 9
1743957404050 0.4605445850823746 10
1743957421865 0.4431854901743717 11
1743957439654 0.4363297391988215 12
1743957457194 0.4298115725644299 13
1743957474871 0.4547735326847092 14
1743957492448 0.4465906547351939 15
1743957510256 0.4229006472303242 16
1743957527666 0.41758843364774206 17
1743957545520 0.41825172940238575 18
1743957563169 0.4139464538483346 19
1743957580926 0.39782546998047436 20
1743957598473 0.4020359588817495 21
1743957616171 0.3953757794176946 22
1743957633933 0.39290143775402525 23
1743957651555 0.37136523846964364 24
1743957669190 0.371126400886989 25
