1743957227527 0.7155929583079014 0
1743957251239 0.5405714970814889 1
1743957272907 0.5466101888383998 2
1743957291342 0.5457926109083928 3
1743957304432 0.4858606704739762 4
1743957317366 0.47165455362286235 5
1743957332131 0.39936413673767973 6
1743957350700 0.39149867917304154 7
1743957368745 0.39518457342733126 8
1743957386404 0.35456669382506706 9
1743957404050 0.377230606835763 10
1743957421865 0.33189985901117325 11
1743957439654 0.3254817461014771 12
1743957457194 0.30992899923661693 13
1743957474871 0.35052670791867324 14
1743957492448 0.32442736182911475 15
1743957510256 0.314874823609764 16
1743957527666 0.31669969644328794 17
1743957545520 0.2947483595582794 18
1743957563169 0.27948457434712376 19
1743957580926 0.26265191673072147 20
1743957598473 0.26011894669261626 21
1743957616171 0.27451790740224913 22
1743957633933 0.2573127037708144 23
1743957651555 0.22760623959122134 24
1743957669190 0.22946642099528528 25
