1742277755977 0.0 0
1742277776054 1.0 1
1742277794705 2.0 2
1742277812324 3.0 3
1742277831195 4.0 4
1742277848300 5.0 5
1742277865700 6.0 6
1742277882854 7.0 7
1742277900108 8.0 8
1742277920432 9.0 9
1742277939775 10.0 10
1742277960459 11.0 11
1742277979967 12.0 12
1742278000579 13.0 13
1742278022345 14.0 14
1742278040134 15.0 15
1742278057622 16.0 16
1742278078791 17.0 17
1742278100157 18.0 18
1742278120725 19.0 19
1742278140117 20.0 20
1742278159515 21.0 21
1742278179059 22.0 22
1742278198679 23.0 23
1742278218506 24.0 24
1742278241481 25.0 25
1742278262297 26.0 26
1742278281743 27.0 27
1742278301026 28.0 28
1742278321813 29.0 29
