1742277755964 -0.16681399919881248 0
1742277776045 -0.5991924456001416 1
1742277794695 -0.07971568236278838 2
1742277812313 0.03655193713472465 3
1742277831182 0.30116608557995966 4
1742277848289 0.014911546945723025 5
1742277865688 0.054325166888622406 6
1742277882842 0.18973226031840473 7
1742277900095 0.3241519863407433 8
1742277920418 -0.023853538653404276 9
1742277939761 0.38520597486349345 10
1742277960443 0.2232434513367624 11
1742277979953 0.06178477628153982 12
1742278000563 0.2227011912833876 13
1742278022331 0.2907182221146367 14
1742278040122 0.3231109824896774 15
1742278057613 -0.013314376978092797 16
1742278078772 0.2072438204214525 17
1742278100138 0.26730212041788753 18
1742278120711 0.2607397596042082 19
1742278140102 0.10233369418962786 20
1742278159500 0.23871064434459766 21
1742278179049 0.35880428868482334 22
1742278198662 0.3952017566589163 23
1742278218490 0.4486961919899626 24
1742278241464 0.3739336588844818 25
1742278262281 0.3323270990472651 26
1742278281729 0.33402295159254036 27
1742278301011 0.44953124475713313 28
1742278321801 0.1659764775399002 29
