1742277755964 0.7271902338658093 0
1742277776045 0.7608471038384419 1
1742277794695 0.6296527090510635 2
1742277812313 0.5060657556592063 3
1742277831182 0.44090778589474433 4
1742277848289 0.4272398855819395 5
1742277865688 0.416894171161182 6
1742277882842 0.4282781546371001 7
1742277900095 0.3982812977593505 8
1742277920418 0.4041295365119974 9
1742277939761 0.36164915719718643 10
1742277960443 0.3678872583603317 11
1742277979953 0.3747786483586286 12
1742278000563 0.3703977387842976 13
1742278022331 0.33037151372285956 14
1742278040122 0.34894048058512533 15
1742278057613 0.3497628213089863 16
1742278078772 0.34190147768028756 17
1742278100138 0.3515942951551441 18
1742278120711 0.3262998315675015 19
1742278140102 0.33920348418707197 20
1742278159500 0.32708351799484453 21
1742278179049 0.33053886989188014 22
1742278198662 0.3250548889380739 23
1742278218490 0.31533617182691215 24
1742278241464 0.31862682629037986 25
1742278262281 0.30425462024427496 26
1742278281729 0.30484937803086004 27
1742278301011 0.29491477774343255 28
1742278321801 0.31299581233355583 29
