1742277755964 0.7271902231196897 0
1742277776045 0.7608470830566835 1
1742277794695 0.6296526968015249 2
1742277812313 0.5060657450836216 3
1742277831182 0.4409077777447239 4
1742277848289 0.4272398806861416 5
1742277865688 0.4168941621562018 6
1742277882842 0.42827814946411014 7
1742277900095 0.3982812910871585 8
1742277920418 0.40412953271880847 9
1742277939761 0.3616491546973991 10
1742277960443 0.36788725249773174 11
1742277979953 0.37477864334217914 12
1742278000563 0.37039773397588804 13
1742278022331 0.3303715031418334 14
1742278040122 0.3489404777239467 15
1742278057613 0.34976281501366663 16
1742278078772 0.3419014705680844 17
1742278100138 0.35159428491968353 18
1742278120711 0.32629983002585644 19
1742278140102 0.3392034757594367 20
1742278159500 0.3270835130204335 21
1742278179049 0.3305388635892086 22
1742278198662 0.3250548834598907 23
1742278218490 0.31533616366651557 24
1742278241464 0.3186268148740298 25
1742278262281 0.30425461922119057 26
1742278281729 0.3048493707952604 27
1742278301011 0.2949147713268612 28
1742278321801 0.31299580964626295 29
