1742277755964 0.6708552210269534 0
1742277776045 0.6759602057094912 1
1742277794695 0.623089828255123 2
1742277812313 0.5561660665602453 3
1742277831182 0.5115462293427419 4
1742277848289 0.5013602682589224 5
1742277865688 0.48832250713309594 6
1742277882842 0.5053357661450093 7
1742277900095 0.48615223942253966 8
1742277920418 0.4800334018182405 9
1742277939761 0.46202647280855796 10
1742277960443 0.4658011266648901 11
1742277979953 0.4765052365353143 12
1742278000563 0.4637475491414373 13
1742278022331 0.4461880841584067 14
1742278040122 0.45023406908772134 15
1742278057613 0.4528328597510347 16
1742278078772 0.45283497469335077 17
1742278100138 0.45351768254297736 18
1742278120711 0.4379286035667221 19
1742278140102 0.4479800004107558 20
1742278159500 0.4402449584617797 21
1742278179049 0.440441446419984 22
1742278198662 0.4400573191997322 23
1742278218490 0.435955078650567 24
1742278241464 0.43433353151006604 25
1742278262281 0.4323494966205379 26
1742278281729 0.4153515403530551 27
1742278301011 0.419114462496487 28
1742278321801 0.4377908242746454 29
