1742277180037 0.0 0
1742277201848 1.0 1
1742277224455 2.0 2
1742277247005 3.0 3
1742277268023 4.0 4
1742277287110 5.0 5
1742277305702 6.0 6
1742277324157 7.0 7
1742277343344 8.0 8
1742277363879 9.0 9
1742277383752 10.0 10
1742277403763 11.0 11
1742277423807 12.0 12
1742277441752 13.0 13
1742277460278 14.0 14
1742277478864 15.0 15
1742277498754 16.0 16
1742277517437 17.0 17
1742277536025 18.0 18
1742277555194 19.0 19
1742277573511 20.0 20
1742277590416 21.0 21
1742277606084 22.0 22
1742277620768 23.0 23
1742277638694 24.0 24
1742277656627 25.0 25
1742277674880 26.0 26
1742277692834 27.0 27
