1742277180019 0.7174768871653618 0
1742277201831 0.660226200028285 1
1742277224442 0.618474985488968 2
1742277246991 0.5819198421918731 3
1742277268011 0.5647397724960959 4
1742277287096 0.5226433203303998 5
1742277305685 0.5225225578601981 6
1742277324145 0.5256522614896918 7
1742277343331 0.5219788835961325 8
1742277363864 0.5113254532267368 9
1742277383739 0.500809442596463 10
1742277403746 0.49190733616800053 11
1742277423794 0.485981983537527 12
1742277441743 0.48953018188782305 13
1742277460264 0.49286602757097403 14
1742277478853 0.4825237605037553 15
1742277498742 0.4854875137694321 16
1742277517422 0.47816803515300793 17
1742277536011 0.4771712989060707 18
1742277555178 0.4676796553838725 19
1742277573497 0.4647758129149243 20
1742277590407 0.4691386435079774 21
1742277606075 0.4761596961110369 22
1742277620758 0.476280996755043 23
1742277638681 0.45575128991293223 24
1742277656613 0.4492307093805831 25
1742277674870 0.4682030604665421 26
1742277692821 0.45879567726773934 27
