1742277180019 0.8664872350001876 0
1742277201831 0.7432284367298989 1
1742277224442 0.7078436928321467 2
1742277246991 0.6103849369242336 3
1742277268011 0.5647756440395658 4
1742277287096 0.4763456699297284 5
1742277305685 0.4851394306981202 6
1742277324145 0.501739345914261 7
1742277343331 0.49157421688803216 8
1742277363864 0.4882935543692755 9
1742277383739 0.45563653430365253 10
1742277403746 0.4300978355899905 11
1742277423794 0.433206043022713 12
1742277441743 0.4347848321282954 13
1742277460264 0.43045024848966434 14
1742277478853 0.4146528875342373 15
1742277498742 0.40960030361417343 16
1742277517422 0.409020682500506 17
1742277536011 0.41195901242705685 18
1742277555178 0.3816954996842524 19
1742277573497 0.385535481569329 20
1742277590407 0.39369146130753285 21
1742277606075 0.40640577329604916 22
1742277620758 0.39471102652676177 23
1742277638681 0.37852929978433886 24
1742277656613 0.3582288994256294 25
1742277674870 0.3803652643197865 26
1742277692821 0.40260066992292803 27
