1742277180019 0.8664872095925132 0
1742277201831 0.7432284250853117 1
1742277224442 0.707843683268823 2
1742277246991 0.610384927419878 3
1742277268011 0.5647756381419522 4
1742277287096 0.47634566043050364 5
1742277305685 0.4851394192662323 6
1742277324145 0.5017393320357215 7
1742277343331 0.4915742049641745 8
1742277363864 0.4882935513540785 9
1742277383739 0.45563652004772315 10
1742277403746 0.43009782778793354 11
1742277423794 0.43320603331423807 12
1742277441743 0.4347848192938794 13
1742277460264 0.43045023910200514 14
1742277478853 0.41465287923953503 15
1742277498742 0.40960030008217774 16
1742277517422 0.4090206800322427 17
1742277536011 0.4119590062784631 18
1742277555178 0.3816954897441333 19
1742277573497 0.38553547219038664 20
1742277590407 0.3936914518681502 21
1742277606075 0.40640576370394615 22
1742277620758 0.39471101931989194 23
1742277638681 0.3785292874629059 24
1742277656613 0.3582288961246019 25
1742277674870 0.3803652506952876 26
1742277692821 0.4026006600679776 27
