1742277180019 -0.19249901546256076 0
1742277201831 -0.4196027726978098 1
1742277224442 0.017214590727707715 2
1742277246991 -0.23300520340732123 3
1742277268011 0.10307643812112566 4
1742277287096 -0.14452557264623372 5
1742277305685 -0.10397714259793339 6
1742277324145 0.29793471381350217 7
1742277343331 0.12049493039053473 8
1742277363864 0.07234354222674821 9
1742277383739 0.2391044786769087 10
1742277403746 0.22238245268543902 11
1742277423794 0.20040742150748153 12
1742277441743 0.31131478008681873 13
1742277460264 0.2856270221409323 14
1742277478853 0.13487890466078084 15
1742277498742 0.15003486293561893 16
1742277517422 0.22513124322467526 17
1742277536011 0.45794479160313006 18
1742277555178 0.37474958967020566 19
1742277573497 0.2532956509051756 20
1742277590407 0.27902473966869085 21
1742277606075 -0.08774872595291193 22
1742277620758 0.1428227236458894 23
1742277638681 0.31978154479593973 24
1742277656613 -0.10036605264819448 25
1742277674870 0.3744372059659978 26
1742277692821 0.35127159482694204 27
