1743959300607 0.0 0
1743959318483 1.0 1
1743959336001 2.0 2
1743959353566 3.0 3
1743959371197 4.0 4
1743959389118 5.0 5
1743959406714 6.0 6
1743959424334 7.0 7
1743959442028 8.0 8
1743959460272 9.0 9
1743959477856 10.0 10
1743959495404 11.0 11
1743959513260 12.0 12
1743959530864 13.0 13
1743959548568 14.0 14
1743959566366 15.0 15
1743959584292 16.0 16
1743959601821 17.0 17
1743959619430 18.0 18
1743959637155 19.0 19
1743959655374 20.0 20
1743959673113 21.0 21
1743959690879 22.0 22
1743959708607 23.0 23
1743959728125 24.0 24
1743959749536 25.0 25
