1743959300587 0.6997176306474893 0
1743959318460 0.6092990396723731 1
1743959335978 0.4802091914977207 2
1743959353545 0.5861400526597119 3
1743959371175 0.5096918581450571 4
1743959389097 0.5248145905979833 5
1743959406694 0.4695121039499025 6
1743959424313 0.4918130567205734 7
1743959442005 0.4868184231282746 8
1743959460251 0.513274952784547 9
1743959477835 0.4231079617957966 10
1743959495384 0.396839554299463 11
1743959513238 0.38583109068272053 12
1743959530838 0.3907414347040238 13
1743959548546 0.3685470298543328 14
1743959566346 0.3784793647861139 15
1743959584272 0.3756145965918654 16
1743959601802 0.35075449030541006 17
1743959619410 0.3506151124010565 18
1743959637136 0.3776065392847188 19
1743959655353 0.29740979062912404 20
1743959673091 0.33537725172936916 21
1743959690855 0.31470075940148384 22
1743959708585 0.32174878750668195 23
1743959728094 0.3405154659870829 24
1743959749512 0.3162933995367074 25
