1743959300587 nan 0
1743959318460 nan 1
1743959335978 nan 2
1743959353545 nan 3
1743959371175 nan 4
1743959389097 nan 5
1743959406694 nan 6
1743959424313 nan 7
1743959442005 nan 8
1743959460251 nan 9
1743959477835 nan 10
1743959495384 nan 11
1743959513238 nan 12
1743959530838 nan 13
1743959548546 nan 14
1743959566346 nan 15
1743959584272 nan 16
1743959601802 nan 17
1743959619410 nan 18
1743959637136 nan 19
1743959655353 nan 20
1743959673091 nan 21
1743959690855 nan 22
1743959708585 nan 23
1743959728094 nan 24
1743959749512 nan 25
