1743959300587 0.6997176215480096 0
1743959318460 0.6092990295957682 1
1743959335978 0.4802091841692807 2
1743959353545 0.5861400423693608 3
1743959371175 0.5096918513051799 4
1743959389097 0.5248145865368061 5
1743959406694 0.46951209680467354 6
1743959424313 0.4918130490257115 7
1743959442005 0.4868184111584894 8
1743959460251 0.5132749469828655 9
1743959477835 0.42310796215458485 10
1743959495384 0.3968395414899607 11
1743959513238 0.3858310801328206 12
1743959530838 0.39074142519231947 13
1743959548546 0.36854702290758246 14
1743959566346 0.3784793606638664 15
1743959584272 0.3756145933398702 16
1743959601802 0.3507544845953339 17
1743959619410 0.35061510840094967 18
1743959637136 0.3776065350403307 19
1743959655353 0.29740978682749586 20
1743959673091 0.3353772476987272 21
1743959690855 0.31470075607315073 22
1743959708585 0.32174878494936177 23
1743959728094 0.34051546519316855 24
1743959749512 0.3162933894142997 25
