1743959300587 0.6376195630577745 0
1743959318460 0.6138256611149819 1
1743959335978 0.5356921773464953 2
1743959353545 0.5945154060838652 3
1743959371175 0.5525261548454644 4
1743959389097 0.5518848865491445 5
1743959406694 0.5161464981368331 6
1743959424313 0.5299207919933757 7
1743959442005 0.5148520413480822 8
1743959460251 0.528353464774421 9
1743959477835 0.4867171060721405 10
1743959495384 0.4785094509725688 11
1743959513238 0.4643880251001139 12
1743959530838 0.4709927010365197 13
1743959548546 0.4505832476205513 14
1743959566346 0.46489711081395385 15
1743959584272 0.46373066672536195 16
1743959601802 0.4405048653239109 17
1743959619410 0.4466305391588172 18
1743959637136 0.45461876348393865 19
1743959655353 0.4084337845933242 20
1743959673091 0.44991978367821117 21
1743959690855 0.4216838967604715 22
1743959708585 0.43451092044105294 23
1743959728094 0.4414921245369755 24
1743959749512 0.41983430160850777 25
