1744113867729 0.0 0
1744113888342 1.0 1
1744113905278 2.0 2
1744113922832 3.0 3
1744113941503 4.0 4
1744113961008 5.0 5
1744113980293 6.0 6
1744113999153 7.0 7
1744114018337 8.0 8
1744114038101 9.0 9
1744114057038 10.0 10
1744114076218 11.0 11
1744114096008 12.0 12
1744114114942 13.0 13
1744114134598 14.0 14
1744114153522 15.0 15
1744114173385 16.0 16
1744114192685 17.0 17
1744114211708 18.0 18
1744114231244 19.0 19
1744114250144 20.0 20
1744114269205 21.0 21
1744114288612 22.0 22
1744114307621 23.0 23
1744114326626 24.0 24
1744114345575 25.0 25
1744114364657 26.0 26
1744114383633 27.0 27
