1744113867707 0.7254407382416259 0
1744113888320 0.5885737876141893 1
1744113905258 0.5612099131443309 2
1744113922810 0.5439559200069934 3
1744113941482 0.5354476898446772 4
1744113960987 0.4953440233297861 5
1744113980272 0.47403748474259416 6
1744113999134 0.43654386252839167 7
1744114018315 0.4512307268578834 8
1744114038081 0.4866188656786823 9
1744114057018 0.46227832873685204 10
1744114076197 0.42683456837354844 11
1744114095982 0.45683437388713466 12
1744114114922 0.43903878307227 13
1744114134580 0.42494255680059057 14
1744114153498 0.43867741106268876 15
1744114173363 0.39639132900501967 16
1744114192664 0.4296174111866387 17
1744114211689 0.3990677314972037 18
1744114231221 0.3897569032868147 19
1744114250125 0.38476121374876676 20
1744114269181 0.38271402654281306 21
1744114288590 0.38352981901719985 22
1744114307598 0.410515991554219 23
1744114326607 0.43859602085815974 24
1744114345552 0.41450948282259464 25
1744114364637 0.3676748252248574 26
1744114383612 0.3665518775026319 27
