1744113867707 -0.016785156732798283 0
1744113888320 0.22981612597630138 1
1744113905258 0.28923300936996177 2
1744113922810 0.2856045390422177 3
1744113941482 0.3918503103644908 4
1744113960987 0.3873998029346079 5
1744113980272 0.44457742580468984 6
1744113999134 0.5751458836309064 7
1744114018315 0.49153785409861095 8
1744114038081 0.4449697681863335 9
1744114057018 0.5243380486781708 10
1744114076197 0.574871921163274 11
1744114095982 0.4114747766851517 12
1744114114922 0.49215706167923945 13
1744114134580 0.5925197974272339 14
1744114153498 0.3847191566396096 15
1744114173363 0.6176466896019123 16
1744114192664 0.5344092401638981 17
1744114211689 0.5773966936832139 18
1744114231221 0.6237075735395576 19
1744114250125 0.6025535631269008 20
1744114269181 0.6618981904802154 21
1744114288590 0.6768350816915957 22
1744114307598 0.5069136996719785 23
1744114326607 0.35009156216166804 24
1744114345552 0.5165877775252657 25
1744114364637 0.6997290922086751 26
1744114383612 0.6965199854620073 27
