1744113867707 0.8080372182560749 0
1744113888320 0.5680086133910007 1
1744113905258 0.5534399769833831 2
1744113922810 0.4889693442793166 3
1744113941482 0.4786184895478311 4
1744113960987 0.42876415821861047 5
1744113980272 0.38980362570432364 6
1744113999134 0.333324205191409 7
1744114018315 0.36101558340377493 8
1744114038081 0.4052270103673466 9
1744114057018 0.36459841847908303 10
1744114076197 0.3268967950563939 11
1744114095982 0.373925440807323 12
1744114114922 0.33330053823893185 13
1744114134580 0.3142280114173401 14
1744114153498 0.3481698577887699 15
1744114173363 0.2844339528533279 16
1744114192664 0.3176786334055369 17
1744114211689 0.28977970027777017 18
1744114231221 0.26666951191718463 19
1744114250125 0.2544021555756936 20
1744114269181 0.2643138192838333 21
1744114288590 0.2605295518382651 22
1744114307598 0.29710158021723637 23
1744114326607 0.3288021869957447 24
1744114345552 0.30868946602110003 25
1744114364637 0.2436048928953585 26
1744114383612 0.2374074295407436 27
