1744113867707 0.8080371942515461 0
1744113888320 0.5680086050269695 1
1744113905258 0.5534399736092583 2
1744113922810 0.48896933318812275 3
1744113941482 0.47861848807659996 4
1744113960987 0.4287641441823171 5
1744113980272 0.3898036120564838 6
1744113999134 0.33332419706474115 7
1744114018315 0.36101558297869674 8
1744114038081 0.4052269992835607 9
1744114057018 0.36459841449773484 10
1744114076197 0.32689678950542855 11
1744114095982 0.37392543191979716 12
1744114114922 0.3333005318137589 13
1744114134580 0.31422800975130644 14
1744114153498 0.34816984877734186 15
1744114173363 0.2844339474342915 16
1744114192664 0.31767862639567124 17
1744114211689 0.2897796986070025 18
1744114231221 0.2666695079005798 19
1744114250125 0.2544021516863382 20
1744114269181 0.26431381368920354 21
1744114288590 0.26052954739211726 22
1744114307598 0.29710157739169785 23
1744114326607 0.3288021825368154 24
1744114345552 0.3086894584283203 25
1744114364637 0.24360488763369942 26
1744114383612 0.23740742698519077 27
