1744018167142 0.0 0
1744018185334 1.0 1
1744018203425 2.0 2
1744018221292 3.0 3
1744018239874 4.0 4
1744018257902 5.0 5
1744018275862 6.0 6
1744018293872 7.0 7
1744018312550 8.0 8
1744018330580 9.0 9
1744018348471 10.0 10
1744018366475 11.0 11
1744018384303 12.0 12
1744018402298 13.0 13
1744018420334 14.0 14
1744018438403 15.0 15
1744018456405 16.0 16
1744018474368 17.0 17
1744018493629 18.0 18
1744018512581 19.0 19
1744018530536 20.0 20
1744018548289 21.0 21
1744018566363 22.0 22
1744018584860 23.0 23
1744018603661 24.0 24
1744018624024 25.0 25
1744018644356 26.0 26
1744018664627 27.0 27
1744018685187 28.0 28
1744018706160 29.0 29
