1742279514472 0.0 0
1742279533925 1.0 1
1742279552476 2.0 2
1742279573996 3.0 3
1742279594470 4.0 4
1742279614648 5.0 5
1742279634272 6.0 6
1742279653678 7.0 7
1742279674677 8.0 8
1742279695168 9.0 9
1742279715504 10.0 10
1742279735872 11.0 11
1742279755488 12.0 12
1742279777108 13.0 13
1742279796875 14.0 14
1742279817602 15.0 15
1742279838104 16.0 16
1742279858770 17.0 17
1742279878823 18.0 18
1742279898491 19.0 19
1742279918019 20.0 20
1742279940187 21.0 21
1742279961312 22.0 22
1742279981924 23.0 23
1742280002606 24.0 24
1742280023230 25.0 25
1742280044746 26.0 26
