1742279514452 -0.37406596304327794 0
1742279533914 -0.10039767976207047 1
1742279552464 -0.08489831604754412 2
1742279573983 0.19039569765380393 3
1742279594449 0.1023601622741312 4
1742279614635 0.2590566019989092 5
1742279634261 0.2351371111904884 6
1742279653663 0.1296903279899045 7
1742279674661 -0.2707522646256735 8
1742279695157 0.3601440636721898 9
1742279715491 0.2772285635450597 10
1742279735858 0.23428427590603054 11
1742279755447 0.2965876442223681 12
1742279777094 0.311931172586045 13
1742279796859 0.4112232012504437 14
1742279817586 -0.4463183761272173 15
1742279838093 0.16465572240723644 16
1742279858756 0.444839734828876 17
1742279878809 0.4276157079446288 18
1742279898472 0.23299618001083874 19
1742279918003 0.36809982526849955 20
1742279940173 0.3901127719278306 21
1742279961300 0.30952226236966096 22
1742279981905 0.19081908537424913 23
1742280002590 0.40403409874247936 24
1742280023213 0.28434692770940406 25
1742280044727 0.4177074337450408 26
