1742279514452 0.6979968687322466 0
1742279533914 0.6172950117857633 1
1742279552464 0.5914141631685785 2
1742279573983 0.5546561402550338 3
1742279594449 0.5401622388879369 4
1742279614635 0.49432311533401113 5
1742279634261 0.4888088885789402 6
1742279653663 0.48743674851715274 7
1742279674661 0.5112230464222847 8
1742279695157 0.47304254595591266 9
1742279715491 0.4774276085311401 10
1742279735858 0.45290993641341115 11
1742279755447 0.46257472491518575 12
1742279777094 0.458457120218152 13
1742279796859 0.44889080423028016 14
1742279817586 0.44376924781115834 15
1742279838093 0.43452993135604157 16
1742279858756 0.439624268296257 17
1742279878809 0.44396899789659955 18
1742279898472 0.44739923498991907 19
1742279918003 0.43698920660818025 20
1742279940173 0.4351912390797592 21
1742279961300 0.43445495691513786 22
1742279981905 0.43460536095310204 23
1742280002590 0.41894828399844386 24
1742280023213 0.4164223287462121 25
1742280044727 0.43695546592017775 26
