1742279514452 0.7917794300040453 0
1742279533914 0.6765983689987676 1
1742279552464 0.5958200896936694 2
1742279573983 0.5527463898886505 3
1742279594449 0.5220306138741733 4
1742279614635 0.43726659123630873 5
1742279634261 0.4371243415895258 6
1742279653663 0.4330453791888605 7
1742279674661 0.46461079619025747 8
1742279695157 0.4031536573728601 9
1742279715491 0.4042816841499225 10
1742279735858 0.3800012900550144 11
1742279755447 0.38906622362300436 12
1742279777094 0.3839479485504488 13
1742279796859 0.364885965274026 14
1742279817586 0.37422530618047606 15
1742279838093 0.35858318209316825 16
1742279858756 0.3521316045824294 17
1742279878809 0.36256895357054736 18
1742279898472 0.3566768288443748 19
1742279918003 0.3502671041474613 20
1742279940173 0.36432128414603393 21
1742279961300 0.3388055512049723 22
1742279981905 0.335293088916344 23
1742280002590 0.3297823345599449 24
1742280023213 0.3212189631802569 25
1742280044727 0.33433496618896524 26
