1742279514452 0.7917794392190196 0
1742279533914 0.6765983856819344 1
1742279552464 0.5958200957851879 2
1742279573983 0.5527464025512789 3
1742279594449 0.5220306240671286 4
1742279614635 0.4372665941941016 5
1742279634261 0.4371243547789301 6
1742279653663 0.43304538472809573 7
1742279674661 0.4646108071319759 8
1742279695157 0.40315366389625 9
1742279715491 0.40428169396226155 10
1742279735858 0.38000129640215274 11
1742279755447 0.3890662268509693 12
1742279777094 0.3839479531161487 13
1742279796859 0.36488596420509345 14
1742279817586 0.374225318086136 15
1742279838093 0.35858319050660636 16
1742279858756 0.3521316122320114 17
1742279878809 0.3625689615693056 18
1742279898472 0.3566768414369135 19
1742279918003 0.3502671103077856 20
1742279940173 0.3643212939161017 21
1742279961300 0.3388055573274015 22
1742279981905 0.33529309248269507 23
1742280002590 0.3297823446760462 24
1742280023213 0.3212189697307732 25
1742280044727 0.3343349738667409 26
