1744094996945 0.0 0
1744095020347 1.0 1
1744095046182 2.0 2
1744095071516 3.0 3
1744095098302 4.0 4
1744095124168 5.0 5
1744095149600 6.0 6
1744095174866 7.0 7
1744095198051 8.0 8
1744095220749 9.0 9
1744095243819 10.0 10
1744095266835 11.0 11
1744095290124 12.0 12
1744095317162 13.0 13
1744095346680 14.0 14
1744095372375 15.0 15
1744095397933 16.0 16
1744095424297 17.0 17
1744095450059 18.0 18
1744095475888 19.0 19
1744095501337 20.0 20
1744095525968 21.0 21
1744095551862 22.0 22
1744095576200 23.0 23
1744095601138 24.0 24
1744095626945 25.0 25
1744095653853 26.0 26
1744095680780 27.0 27
1744095707922 28.0 28
