1744094996913 -0.049797320804474965 0
1744095020307 -0.04059891276830284 1
1744095046150 -0.1556074814587422 2
1744095071478 0.04107644638630102 3
1744095098262 0.23263112268529715 4
1744095124139 0.10669753160565781 5
1744095149566 0.22026389685160425 6
1744095174834 0.2529660771914793 7
1744095198018 0.22766081309464137 8
1744095220720 0.24927922492046733 9
1744095243790 0.22080082641001988 10
1744095266800 0.3347627389282087 11
1744095290087 0.31207109916816056 12
1744095317126 0.32977620019667897 13
1744095346649 0.3814859236951507 14
1744095372325 0.28521468431686126 15
1744095397897 0.36730244089219866 16
1744095424269 0.4366200722474163 17
1744095450025 0.14808911122195287 18
1744095475857 0.27119553182868444 19
1744095501305 0.319556727344064 20
1744095525924 0.351378063693556 21
1744095551822 0.2602644487388186 22
1744095576156 0.32871942360484985 23
1744095601104 0.3807722234997551 24
1744095626907 0.4380504001566097 25
1744095653820 0.48961779095553604 26
1744095680740 0.37819499213931324 27
1744095707890 0.40402299473758274 28
