1744094996913 0.9682258006002082 0
1744095020307 0.9311047794877506 1
1744095046150 0.7787696342976367 2
1744095071478 0.7587233857541787 3
1744095098262 0.676498361054014 4
1744095124139 0.6510001609071356 5
1744095149566 0.667174626569279 6
1744095174834 0.6109180881596002 7
1744095198018 0.6327703797914943 8
1744095220720 0.5619570397939838 9
1744095243790 0.5596729451027073 10
1744095266800 0.5407469927287493 11
1744095290087 0.5385053800266297 12
1744095317126 0.5438717532841886 13
1744095346649 0.5472643983657243 14
1744095372325 0.5847512852461612 15
1744095397897 0.5145511467192994 16
1744095424269 0.5032517511825092 17
1744095450025 0.5334092175862828 18
1744095475857 0.5504670822229542 19
1744095501305 0.4945050482867194 20
1744095525924 0.5132235503587567 21
1744095551822 0.5186628285245817 22
1744095576156 0.5218867522771241 23
1744095601104 0.5022205144899791 24
1744095626907 0.47208582744246624 25
1744095653820 0.45570367293768244 26
1744095680740 0.4966526246461712 27
1744095707890 0.44826764381322703 28
