1744094996913 0.76579140060024 0
1744095020307 0.7526671430789432 1
1744095046150 0.6871358845597947 2
1744095071478 0.666315702095633 3
1744095098262 0.6381056819588221 4
1744095124139 0.6319587253554485 5
1744095149566 0.5970687863698146 6
1744095174834 0.5998108923711298 7
1744095198018 0.6040919397075918 8
1744095220720 0.5745881549496193 9
1744095243790 0.5726263361844321 10
1744095266800 0.5526601685800138 11
1744095290087 0.5535069994477027 12
1744095317126 0.5613525102720368 13
1744095346649 0.5485046096157556 14
1744095372325 0.5801460250348228 15
1744095397897 0.539958897738748 16
1744095424269 0.5398046882984692 17
1744095450025 0.539101287418381 18
1744095475857 0.5451677058168174 19
1744095501305 0.5297153879355263 20
1744095525924 0.5381072299922638 21
1744095551822 0.5359749525529715 22
1744095576156 0.549815430656162 23
1744095601104 0.5245985911549654 24
1744095626907 0.5086967289520306 25
1744095653820 0.5071623672503479 26
1744095680740 0.5342670438830268 27
1744095707890 0.5080864234569181 28
