1744094996913 0.9682257787905326 0
1744095020307 0.9311047540639439 1
1744095046150 0.7787696188232642 2
1744095071478 0.7587233678950118 3
1744095098262 0.6764983397105861 4
1744095124139 0.6510001418743091 5
1744095149566 0.6671746189209125 6
1744095174834 0.6109180762021486 7
1744095198018 0.6327703670588322 8
1744095220720 0.5619570363037943 9
1744095243790 0.5596729336288243 10
1744095266800 0.5407469818529836 11
1744095290087 0.5385053698331921 12
1744095317126 0.5438717491123863 13
1744095346649 0.54726439233058 14
1744095372325 0.5847512730908861 15
1744095397897 0.5145511372615337 16
1744095424269 0.5032517426195973 17
1744095450025 0.533409208621023 18
1744095475857 0.5504670859662607 19
1744095501305 0.49450503859220657 20
1744095525924 0.5132235345581813 21
1744095551822 0.5186628208031535 22
1744095576156 0.5218867465188263 23
1744095601104 0.502220497573569 24
1744095626907 0.4720858219106806 25
1744095653820 0.45570366428496073 26
1744095680740 0.49665262458529774 27
1744095707890 0.4482676317014933 28
