1744094319502 0.0 0
1744094343390 1.0 1
1744094367004 2.0 2
1744094390598 3.0 3
1744094413858 4.0 4
1744094438838 5.0 5
1744094464440 6.0 6
1744094490039 7.0 7
1744094515427 8.0 8
1744094540737 9.0 9
1744094566576 10.0 10
1744094591347 11.0 11
1744094614406 12.0 12
1744094637624 13.0 13
1744094660640 14.0 14
1744094683758 15.0 15
1744094707175 16.0 16
1744094730177 17.0 17
1744094753117 18.0 18
1744094776127 19.0 19
1744094799061 20.0 20
1744094821950 21.0 21
1744094844811 22.0 22
1744094867500 23.0 23
1744094890807 24.0 24
1744094913955 25.0 25
