1744094319472 1.0578619930587831 0
1744094343354 0.8884027810370336 1
1744094366969 0.8118961150528955 2
1744094390562 0.7174004797564179 3
1744094413826 0.7294327672876295 4
1744094438805 0.6551132462308055 5
1744094464405 0.6072174508552082 6
1744094490003 0.6043906474455458 7
1744094515391 0.6947982069410261 8
1744094540702 0.592374399670812 9
1744094566539 0.563902127693911 10
1744094591313 0.607614816700826 11
1744094614375 0.6027043227289544 12
1744094637591 0.5750587939238939 13
1744094660608 0.5399945352653988 14
1744094683728 0.5565350700597294 15
1744094707143 0.5379197364214992 16
1744094730145 0.5365733984308164 17
1744094753085 0.5465614381627958 18
1744094776096 0.5376354724657341 19
1744094799028 0.4873155906307893 20
1744094821918 0.4862551867473321 21
1744094844778 0.5225313871366078 22
1744094867470 0.5281972163280503 23
1744094890775 0.5244891967196934 24
1744094913926 0.5121335923427441 25
