1744094319472 0.8380269204953411 0
1744094343354 0.7421324042862923 1
1744094366969 0.6989516369779618 2
1744094390562 0.6665779196672507 3
1744094413826 0.6646679509942589 4
1744094438805 0.623913473273816 5
1744094464405 0.6018205129180124 6
1744094490003 0.6054415736668056 7
1744094515391 0.6552336206061695 8
1744094540702 0.599626439277724 9
1744094566539 0.5706704351659151 10
1744094591313 0.5974943942934927 11
1744094614375 0.60217290971647 12
1744094637591 0.5785003580997794 13
1744094660608 0.5716502512067232 14
1744094683728 0.5737774641166538 15
1744094707143 0.5523558478357138 16
1744094730145 0.5508957343417745 17
1744094753085 0.5683213529734276 18
1744094776096 0.562635530081267 19
1744094799028 0.5304540792599708 20
1744094821918 0.5362320656229136 21
1744094844778 0.5465940784260915 22
1744094867470 0.5581905571357066 23
1744094890775 0.5579463514652043 24
1744094913926 0.5485855001895154 25
