1744094319472 -0.4461260134600425 0
1744094343354 -0.04770272108564861 1
1744094366969 -0.05403868344718956 2
1744094390562 0.051609697171385145 3
1744094413826 0.005856995964938241 4
1744094438805 0.2123524864095054 5
1744094464405 0.26717752244306037 6
1744094490003 0.2459724025937194 7
1744094515391 -0.026446770547254993 8
1744094540702 0.24764183432482237 9
1744094566539 0.1762762231170953 10
1744094591313 0.20010781819848103 11
1744094614375 0.128428340072661 12
1744094637591 0.24069982265370712 13
1744094660608 0.3005720211550778 14
1744094683728 0.22386929181854465 15
1744094707143 0.22491012880538522 16
1744094730145 0.24014149109380617 17
1744094753085 0.20470807666638827 18
1744094776096 0.3208770846987947 19
1744094799028 0.3648016479562862 20
1744094821918 0.29967665412883 21
1744094844778 0.27159973245152935 22
1744094867470 0.3065160887429191 23
1744094890775 0.19249357921784355 24
1744094913926 0.28285539304848617 25
