1744094319472 1.057861975838465 0
1744094343354 0.8884027646014392 1
1744094366969 0.8118960881004889 2
1744094390562 0.7174004791236335 3
1744094413826 0.7294327567437408 4
1744094438805 0.6551132335456971 5
1744094464405 0.6072174349625942 6
1744094490003 0.6043906440490405 7
1744094515391 0.6947981991391651 8
1744094540702 0.592374382674881 9
1744094566539 0.5639021205434959 10
1744094591313 0.6076148202889182 11
1744094614375 0.602704311497686 12
1744094637591 0.5750587915636776 13
1744094660608 0.5399945256826509 14
1744094683728 0.5565350610929233 15
1744094707143 0.5379197295707681 16
1744094730145 0.5365733911381103 17
1744094753085 0.5465614310995838 18
1744094776096 0.5376354582690139 19
1744094799028 0.4873155832668216 20
1744094821918 0.4862551744853158 21
1744094844778 0.5225313794222176 22
1744094867470 0.5281972068532946 23
1744094890775 0.5244891942277901 24
1744094913926 0.5121335863933123 25
