1742393902521 0.0 0
1742393922459 1.0 1
1742393940949 2.0 2
1742393959273 3.0 3
1742393978880 4.0 4
1742393997927 5.0 5
1742394018623 6.0 6
1742394041868 7.0 7
1742394064355 8.0 8
1742394084302 9.0 9
1742394103256 10.0 10
1742394123018 11.0 11
1742394143557 12.0 12
1742394163763 13.0 13
1742394182748 14.0 14
1742394201567 15.0 15
1742394221776 16.0 16
1742394241617 17.0 17
1742394263027 18.0 18
1742394283998 19.0 19
1742394305451 20.0 20
1742394326453 21.0 21
1742394346877 22.0 22
1742394366339 23.0 23
1742394386944 24.0 24
1742394408125 25.0 25
