1742393902494 0.6939482102704952 0
1742393922442 0.6034963050338088 1
1742393940928 0.5553029254078865 2
1742393959250 0.49607845969292047 3
1742393978860 0.44529619873272347 4
1742393997906 0.405475568438529 5
1742394018599 0.37873101406196347 6
1742394041844 0.34939256231310073 7
1742394064330 0.355088348668374 8
1742394084282 0.3237570490932367 9
1742394103236 0.3245969194552449 10
1742394122996 0.29268660169613897 11
1742394143538 0.2762442396984237 12
1742394163740 0.2857697312796458 13
1742394182729 0.2903117764069409 14
1742394201545 0.26119072497135304 15
1742394221752 0.26566473826704945 16
1742394241593 0.23648139043543182 17
1742394263005 0.252671500179367 18
1742394283975 0.24380013077962595 19
1742394305430 0.2315868511490646 20
1742394326432 0.25120158449242835 21
1742394346850 0.26010653397953903 22
1742394366312 0.23507289800670791 23
1742394386924 0.2280238156787074 24
1742394408102 0.23578407285547984 25
