1742393902494 0.6939482237097853 0
1742393922442 0.6034963236602603 1
1742393940928 0.5553029375914179 2
1742393959250 0.4960784669297549 3
1742393978860 0.4452962046718133 4
1742393997906 0.40547557465243533 5
1742394018599 0.37873102108505174 6
1742394041844 0.3493925729393387 7
1742394064330 0.35508835263794564 8
1742394084282 0.32375705567356505 9
1742394103236 0.32459692348588687 10
1742394122996 0.29268660637565325 11
1742394143538 0.27624424356112226 12
1742394163740 0.28576973531028776 13
1742394182729 0.2903117850865619 14
1742394201545 0.26119073051348574 15
1742394221752 0.2656647436107036 16
1742394241593 0.23648139510731228 17
1742394263005 0.25267150491231777 18
1742394283975 0.24380013096283693 19
1742394305430 0.23158685588201539 20
1742394326432 0.2512015871489879 21
1742394346850 0.2601065407278108 22
1742394366312 0.23507290018997232 23
1742394386924 0.22802381836580204 24
1742394408102 0.23578407989383568 25
