1742393902494 nan 0
1742393922442 nan 1
1742393940928 nan 2
1742393959250 nan 3
1742393978860 nan 4
1742393997906 nan 5
1742394018599 nan 6
1742394041844 nan 7
1742394064330 nan 8
1742394084282 nan 9
1742394103236 nan 10
1742394122996 nan 11
1742394143538 nan 12
1742394163740 nan 13
1742394182729 nan 14
1742394201545 nan 15
1742394221752 nan 16
1742394241593 nan 17
1742394263005 nan 18
1742394283975 nan 19
1742394305430 nan 20
1742394326432 nan 21
1742394346850 nan 22
1742394366312 nan 23
1742394386924 nan 24
1742394408102 nan 25
