1742393902494 0.6743614217724467 0
1742393922442 0.6229824232029133 1
1742393940928 0.5946654186385577 2
1742393959250 0.5458511316873988 3
1742393978860 0.5100201014734682 4
1742393997906 0.48435215639774915 5
1742394018599 0.47397032453388466 6
1742394041844 0.45810382031514996 7
1742394064330 0.4548831210761774 8
1742394084282 0.4373710318544849 9
1742394103236 0.4327854619162982 10
1742394122996 0.40857563674694203 11
1742394143538 0.40120070097876376 12
1742394163740 0.41393711772121367 13
1742394182729 0.40377491907995255 14
1742394201545 0.38408989398205867 15
1742394221752 0.4022422365722109 16
1742394241593 0.371474203271944 17
1742394263005 0.38714829923920946 18
1742394283975 0.3797287063398322 19
1742394305430 0.36979831663555784 20
1742394326432 0.38487965076184666 21
1742394346850 0.38643906900628666 22
1742394366312 0.36854977979034675 23
1742394386924 0.3533424921944493 24
1742394408102 0.37268111903647905 25
