1744089647164 0.0 0
1744089679340 1.0 1
1744089711081 2.0 2
1744089742964 3.0 3
1744089775667 4.0 4
1744089807807 5.0 5
1744089840104 6.0 6
1744089868625 7.0 7
1744089897120 8.0 8
1744089925374 9.0 9
1744089953466 10.0 10
1744089981045 11.0 11
1744090008962 12.0 12
1744090036914 13.0 13
1744090064727 14.0 14
1744090094423 15.0 15
1744090126313 16.0 16
1744090156949 17.0 17
1744090187698 18.0 18
1744090216225 19.0 19
1744090247099 20.0 20
1744090278432 21.0 21
1744090309239 22.0 22
1744090340488 23.0 23
1744090371885 24.0 24
1744090403121 25.0 25
1744090434479 26.0 26
1744090465574 27.0 27
