1744089647120 0.8537248460972895 0
1744089679294 0.6757336553247248 1
1744089711033 0.6236032935195281 2
1744089742915 0.5611343753875279 3
1744089775601 0.5462109630957979 4
1744089807759 0.5108410323985287 5
1744089840068 0.4882905159573086 6
1744089868587 0.47156540182281714 7
1744089897080 0.42194848129006685 8
1744089925332 0.3890332059293497 9
1744089953428 0.41933419237859915 10
1744089981007 0.38968476445459926 11
1744090008913 0.4090779117140614 12
1744090036876 0.39443396752486465 13
1744090064690 0.3770511294486093 14
1744090094378 0.3623255994476256 15
1744090126265 0.32459998307902305 16
1744090156895 0.3613261418936194 17
1744090187650 0.3176976401419913 18
1744090216174 0.3925948104531061 19
1744090247053 0.34267054009632986 20
1744090278385 0.3394650796153506 21
1744090309183 0.32676018548549196 22
1744090340441 0.3478372622830946 23
1744090371837 0.3233834370115741 24
1744090403073 0.30133456358166993 25
1744090434437 0.3086766381977034 26
1744090465518 0.2870193556806103 27
