1744089647120 -0.15822744533157918 0
1744089679294 0.015347680936880787 1
1744089711033 0.17906187975071974 2
1744089742915 0.2228942708972525 3
1744089775601 0.1691000556206884 4
1744089807759 0.20224600993141395 5
1744089840068 0.14737425288106135 6
1744089868587 0.3611820227694323 7
1744089897080 0.4347534872473096 8
1744089925332 0.5216692956891938 9
1744089953428 0.29692350117373284 10
1744089981007 0.3877297895379935 11
1744090008913 0.35860798493881085 12
1744090036876 0.45566104466641644 13
1744090064690 0.4575409337247424 14
1744090094378 0.49168585482383054 15
1744090126265 0.5183406705832876 16
1744090156895 0.39331196004314145 17
1744090187650 0.5632106727194612 18
1744090216174 0.31424507930814455 19
1744090247053 0.5116023669511083 20
1744090278385 0.5455036914555462 21
1744090309183 0.4572084918464343 22
1744090340441 0.4936763566067518 23
1744090371837 0.5428752225932654 24
1744090403073 0.6176870842172857 25
1744090434437 0.514154318019269 26
1744090465518 0.609837821394019 27
