1744089647120 0.7185028345736324 0
1744089679294 0.6316580425136179 1
1744089711033 0.6099230304070304 2
1744089742915 0.5630866856192103 3
1744089775601 0.5504297657406639 4
1744089807759 0.534677794602664 5
1744089840068 0.5296237076571608 6
1744089868587 0.5132719474760663 7
1744089897080 0.48158891733705267 8
1744089925332 0.46506441458067327 9
1744089953428 0.4688725479033679 10
1744089981007 0.461991686730956 11
1744090008913 0.46638749281015723 12
1744090036876 0.46121847573413294 13
1744090064690 0.4522569700457217 14
1744090094378 0.45385609941272054 15
1744090126265 0.42042804201632294 16
1744090156895 0.4501817279380792 17
1744090187650 0.4094345223754034 18
1744090216174 0.4708014493179635 19
1744090247053 0.43476902198789474 20
1744090278385 0.4254822777619819 21
1744090309183 0.4182678416826829 22
1744090340441 0.43015100797765526 23
1744090371837 0.4264123562667417 24
1744090403073 0.4015610639140763 25
1744090434437 0.4135395315200946 26
1744090465518 0.3894301877191667 27
