1744089647120 0.8537248279850472 0
1744089679294 0.6757336464850945 1
1744089711033 0.62360328427274 2
1744089742915 0.5611343645407146 3
1744089775601 0.546210947623562 4
1744089807759 0.5108410145253878 5
1744089840068 0.4882905106339737 6
1744089868587 0.4715653907546549 7
1744089897080 0.42194847075163994 8
1744089925332 0.3890331960855742 9
1744089953428 0.41933418857911176 10
1744089981007 0.3896847528071835 11
1744090008913 0.40907790946219963 12
1744090036876 0.39443395516854285 13
1744090064690 0.3770511220956798 14
1744090094378 0.3623255890701192 15
1744090126265 0.3245999834492498 16
1744090156895 0.36132613538222275 17
1744090187650 0.31769763537364304 18
1744090216174 0.3925948057474875 19
1744090247053 0.34267053218948645 20
1744090278385 0.3394650703338041 21
1744090309183 0.3267601773800422 22
1744090340441 0.3478372589598906 23
1744090371837 0.3233834259225203 24
1744090403073 0.30133455204142334 25
1744090434437 0.30867662934366175 26
1744090465518 0.2870193496819045 27
