1742278370708 0.0 0
1742278392480 1.0 1
1742278413171 2.0 2
1742278433370 3.0 3
1742278453200 4.0 4
1742278473106 5.0 5
1742278491625 6.0 6
1742278510857 7.0 7
1742278529152 8.0 8
1742278547224 9.0 9
1742278565171 10.0 10
1742278583991 11.0 11
1742278601649 12.0 12
1742278620573 13.0 13
1742278640769 14.0 14
1742278660942 15.0 15
1742278679250 16.0 16
1742278698934 17.0 17
1742278717973 18.0 18
1742278741040 19.0 19
1742278762596 20.0 20
1742278781877 21.0 21
1742278800629 22.0 22
1742278818583 23.0 23
1742278839869 24.0 24
1742278861881 25.0 25
