1742278370688 0.6727066534888847 0
1742278392467 0.5760447189322382 1
1742278413158 0.5889643235393152 2
1742278433360 0.5409294150090033 3
1742278453189 0.5211155121852031 4
1742278473096 0.4888113740387119 5
1742278491605 0.48432802640988176 6
1742278510843 0.48799591140064286 7
1742278529140 0.46906627162872355 8
1742278547211 0.5034230680315464 9
1742278565158 0.4505590107082624 10
1742278583969 0.47026856003230383 11
1742278601637 0.4633745246837292 12
1742278620553 0.4485317137381626 13
1742278640758 0.4488082369561355 14
1742278660931 0.44479325805964764 15
1742278679238 0.46497614969184264 16
1742278698922 0.44396047716692205 17
1742278717963 0.4462096423265816 18
1742278741023 0.4508785640037703 19
1742278762580 0.4477735701908424 20
1742278781861 0.44851811909742395 21
1742278800616 0.42165297051924616 22
1742278818573 0.4219805275106501 23
1742278839852 0.43609193282535846 24
1742278861864 0.43332950790492686 25
