1742278370688 0.7629679394164312 0
1742278392467 0.6033889701838672 1
1742278413158 0.6016828856020029 2
1742278433360 0.518942926671036 3
1742278453189 0.5107324318540923 4
1742278473096 0.4304168690751795 5
1742278491605 0.4133298079920901 6
1742278510843 0.43983969914164256 7
1742278529140 0.3996906714132246 8
1742278547211 0.47420355583177853 9
1742278565158 0.35694810428082524 10
1742278583969 0.39744975034454555 11
1742278601637 0.39489807139402683 12
1742278620553 0.3706776611954248 13
1742278640758 0.36587330617883645 14
1742278660931 0.3542268461826452 15
1742278679238 0.37930196246181896 16
1742278698922 0.3483030453328974 17
1742278717963 0.37269786354850104 18
1742278741023 0.36427948092729445 19
1742278762580 0.3511367914902072 20
1742278781861 0.3652164839573459 21
1742278800616 0.3381933375964958 22
1742278818573 0.3123533829575664 23
1742278839852 0.3365125823003139 24
1742278861864 0.3602431994543867 25
