1742278370688 -0.3774260965757303 0
1742278392467 0.05994972542854747 1
1742278413158 -0.24290882521347137 2
1742278433360 0.10150872386484051 3
1742278453189 0.1761319660174733 4
1742278473096 0.2779276323959608 5
1742278491605 0.2756724702357893 6
1742278510843 0.24131040838554393 7
1742278529140 -0.1139167655199475 8
1742278547211 0.22143807415999084 9
1742278565158 0.4220403958842733 10
1742278583969 0.1978068646531949 11
1742278601637 -1.188801841796245 12
1742278620553 0.28013135095007774 13
1742278640758 0.31702857338227913 14
1742278660931 0.3163587552016018 15
1742278679238 0.22298298679956113 16
1742278698922 0.18073698899314117 17
1742278717963 0.29339019660516663 18
1742278741023 0.37421632783999675 19
1742278762580 0.3647939294824977 20
1742278781861 0.2613948759131129 21
1742278800616 0.4783322312213311 22
1742278818573 0.4010984713931831 23
1742278839852 0.13109158446378175 24
1742278861864 0.2508957596718856 25
