1742278370688 0.76296793889593 0
1742278392467 0.6033889886810246 1
1742278413158 0.601682897389048 2
1742278433360 0.5189429286190055 3
1742278453189 0.5107324399674932 4
1742278473096 0.43041687481331103 5
1742278491605 0.41332981842711114 6
1742278510843 0.43983970894337154 7
1742278529140 0.39969068290101306 8
1742278547211 0.47420355909024225 9
1742278565158 0.3569481060416861 10
1742278583969 0.3974497617419922 11
1742278601637 0.3948980851070673 12
1742278620553 0.37067766384588496 13
1742278640758 0.36587331029163167 14
1742278660931 0.35422684867499454 15
1742278679238 0.3793019644464507 16
1742278698922 0.3483030559692645 17
1742278717963 0.37269786257071025 18
1742278741023 0.36427948427753465 19
1742278762580 0.351136799591283 20
1742278781861 0.3652164909678201 21
1742278800616 0.33819334613949514 22
1742278818573 0.31235338717868383 23
1742278839852 0.3365125823765993 24
1742278861864 0.3602432079726096 25
