1743958257107 0.0 0
1743958274619 1.0 1
1743958292227 2.0 2
1743958309926 3.0 3
1743958327424 4.0 4
1743958344926 5.0 5
1743958362632 6.0 6
1743958380368 7.0 7
1743958397800 8.0 8
1743958415431 9.0 9
1743958432970 10.0 10
1743958450782 11.0 11
1743958468334 12.0 12
1743958486117 13.0 13
1743958503655 14.0 14
1743958521688 15.0 15
1743958541942 16.0 16
1743958563205 17.0 17
1743958584139 18.0 18
1743958601652 19.0 19
1743958619342 20.0 20
1743958636955 21.0 21
1743958654879 22.0 22
1743958672339 23.0 23
1743958689925 24.0 24
1743958707511 25.0 25
1743958725305 26.0 26
