1743958257085 0.7408618570656561 0
1743958274599 0.6148239821500954 1
1743958292207 0.6454352957547688 2
1743958309901 0.5576399589781879 3
1743958327404 0.5869525123204364 4
1743958344905 0.5240431880792145 5
1743958362610 0.45151270255751785 6
1743958380341 0.46188863632498217 7
1743958397779 0.44939313534280806 8
1743958415409 0.4657744262672839 9
1743958432949 0.3763464874450545 10
1743958450760 0.3812373268311141 11
1743958468306 0.327795624885647 12
1743958486095 0.3625979498529723 13
1743958503634 0.3844188640474296 14
1743958521670 0.35720637724658505 15
1743958541916 0.343698721440112 16
1743958563178 0.33855646552487473 17
1743958584115 0.348297324046859 18
1743958601631 0.30965501602861234 19
1743958619319 0.32270942237533506 20
1743958636932 0.32025990450418873 21
1743958654860 0.3247156553275761 22
1743958672317 0.29847708765844827 23
1743958689905 0.3248893778664289 24
1743958707489 0.2759995697615821 25
1743958725283 0.3040687514346887 26
