1743958257085 0.6695396545969072 0
1743958274599 0.6044155031931205 1
1743958292207 0.6026845804003419 2
1743958309901 0.5733267387650052 3
1743958327404 0.5877853868926157 4
1743958344905 0.5455173277219788 5
1743958362610 0.5314375069297728 6
1743958380341 0.5182144661418727 7
1743958397779 0.5221474358781439 8
1743958415409 0.508759120448691 9
1743958432949 0.47070580024699693 10
1743958450760 0.4699641604159699 11
1743958468306 0.4525176027759177 12
1743958486095 0.45046114188725833 13
1743958503634 0.48194839964147473 14
1743958521670 0.4541444484083379 15
1743958541916 0.4454270486460357 16
1743958563178 0.45135648035612264 17
1743958584115 0.4525771860460766 18
1743958601631 0.43416773906496703 19
1743958619319 0.4414982076306812 20
1743958636932 0.4304420858255175 21
1743958654860 0.4300348432581933 22
1743958672317 0.4243276389163049 23
1743958689905 0.4255346808521474 24
1743958707489 0.40557575482325475 25
1743958725283 0.4169098140641314 26
