1743958257085 0.740861862745197 0
1743958274599 0.6148239942420213 1
1743958292207 0.6454353183507919 2
1743958309901 0.5576399685051597 3
1743958327404 0.5869525193435247 4
1743958344905 0.524043202308602 5
1743958362610 0.45151271188601116 6
1743958380341 0.46188863562267335 7
1743958397779 0.4493931469156361 8
1743958415409 0.4657744342980326 9
1743958432949 0.37634649272763826 10
1743958450760 0.38123733186941655 11
1743958468306 0.32779563175605947 12
1743958486095 0.36259795931887384 13
1743958503634 0.38441886667345393 14
1743958521670 0.35720638149097317 15
1743958541916 0.34369872739446944 16
1743958563178 0.3385564708532613 17
1743958584115 0.3482973305737508 18
1743958601631 0.3096550243799804 19
1743958619319 0.3227094279785381 20
1743958636932 0.32025990913790026 21
1743958654860 0.32471565882385267 22
1743958672317 0.2984770890325308 23
1743958689905 0.3248893848627989 24
1743958707489 0.2759995749525604 25
1743958725283 0.304068751862181 26
