1743958257085 nan 0
1743958274599 nan 1
1743958292207 nan 2
1743958309901 nan 3
1743958327404 nan 4
1743958344905 nan 5
1743958362610 nan 6
1743958380341 nan 7
1743958397779 nan 8
1743958415409 nan 9
1743958432949 nan 10
1743958450760 nan 11
1743958468306 nan 12
1743958486095 nan 13
1743958503634 nan 14
1743958521670 nan 15
1743958541916 nan 16
1743958563178 nan 17
1743958584115 nan 18
1743958601631 nan 19
1743958619319 nan 20
1743958636932 nan 21
1743958654860 nan 22
1743958672317 nan 23
1743958689905 nan 24
1743958707489 nan 25
1743958725283 nan 26
