1744090570875 0.0 0
1744090598543 1.0 1
1744090625606 2.0 2
1744090652686 3.0 3
1744090680192 4.0 4
1744090708055 5.0 5
1744090735577 6.0 6
1744090763218 7.0 7
1744090790759 8.0 8
1744090818397 9.0 9
1744090850027 10.0 10
1744090880619 11.0 11
1744090911032 12.0 12
1744090941264 13.0 13
1744090972102 14.0 14
1744091003526 15.0 15
1744091035047 16.0 16
1744091065956 17.0 17
1744091097960 18.0 18
1744091127724 19.0 19
1744091155621 20.0 20
1744091182832 21.0 21
1744091210897 22.0 22
1744091236960 23.0 23
1744091265015 24.0 24
1744091292655 25.0 25
1744091320474 26.0 26
