1744090570835 0.7213340436776364 0
1744090598510 0.6013654657816414 1
1744090625562 0.6371046686319818 2
1744090652633 0.6097793807617842 3
1744090680155 0.5728618252178899 4
1744090708014 0.5257414690731603 5
1744090735537 0.5251780485308123 6
1744090763180 0.49400579620653995 7
1744090790722 0.503177624697736 8
1744090818349 0.49975973765576975 9
1744090849980 0.4793607039497962 10
1744090880577 0.46558550114913905 11
1744090910987 0.4434446736632037 12
1744090941211 0.4545811782943472 13
1744090972055 0.47006838624505576 14
1744091003475 0.42313031450695165 15
1744091034996 0.43553262915515695 16
1744091065910 0.4527288459616718 17
1744091097910 0.44045219927163576 18
1744091127682 0.4281725080481531 19
1744091155582 0.4219578548198403 20
1744091182791 0.4290739315301129 21
1744091210858 0.40852339996617854 22
1744091236918 0.4282397352312972 23
1744091264970 0.43550452027009307 24
1744091292614 0.4230082555738904 25
1744091320435 0.4121612517385809 26
