1744090570835 -0.03561954448073617 0
1744090598510 -0.21075913655318956 1
1744090625562 0.12247277694523302 2
1744090652633 0.2749121263965664 3
1744090680155 0.304390722217065 4
1744090708014 0.44192795449039 5
1744090735537 0.3383886380030198 6
1744090763180 0.318996000399184 7
1744090790722 0.43408113410777655 8
1744090818349 0.4002002703142574 9
1744090849980 0.4510424858743167 10
1744090880577 0.48890695193321215 11
1744090910987 0.5234426109506967 12
1744090941211 0.4700161057377856 13
1744090972055 0.4429052455988613 14
1744091003475 0.5957678378522535 15
1744091034996 0.5837405074104822 16
1744091065910 0.46198553250040725 17
1744091097910 0.48674459001046144 18
1744091127682 0.5260523957541714 19
1744091155582 0.5056899504430155 20
1744091182791 0.5720686431915942 21
1744091210858 0.5033541752747908 22
1744091236918 0.5151803838347653 23
1744091264970 0.5337703065546131 24
1744091292614 0.5389514445664411 25
1744091320435 0.48232283658438374 26
