1744090570835 0.8512120877133041 0
1744090598510 0.6282255301465753 1
1744090625562 0.7022161248033164 2
1744090652633 0.6331065226285184 3
1744090680155 0.5789323815556823 4
1744090708014 0.4761914510707386 5
1744090735537 0.45708936599434397 6
1744090763180 0.4331593644179282 7
1744090790722 0.44821987740817615 8
1744090818349 0.44763549576040174 9
1744090849980 0.413831359783157 10
1744090880577 0.38240261510258816 11
1744090910987 0.36527016099359166 12
1744090941211 0.36660406225528874 13
1744090972055 0.4021059252688142 14
1744091003475 0.31485538679312486 15
1744091034996 0.33364918913509023 16
1744091065910 0.3749276635343911 17
1744091097910 0.34123934353472757 18
1744091127682 0.32467446231939756 19
1744091155582 0.33230374246591426 20
1744091182791 0.33097333699220516 21
1744091210858 0.30455522697235715 22
1744091236918 0.34186875209456585 23
1744091264970 0.33751398862385357 24
1744091292614 0.31122495142407103 25
1744091320435 0.3146280275016535 26
