1744090570835 0.8512120600550258 0
1744090598510 0.6282255209776361 1
1744090625562 0.7022161108257674 2
1744090652633 0.6331065093458832 3
1744090680155 0.5789323703907359 4
1744090708014 0.4761914345153332 5
1744090735537 0.4570893601602271 6
1744090763180 0.4331593571814865 7
1744090790722 0.4482198652666469 8
1744090818349 0.44763549067365915 9
1744090849980 0.4138313535127055 10
1744090880577 0.38240261064579356 11
1744090910987 0.3652701557979681 12
1744090941211 0.36660405179585354 13
1744090972055 0.4021059167306268 14
1744091003475 0.31485537930438445 15
1744091034996 0.33364918249033404 16
1744091065910 0.3749276521033255 17
1744091097910 0.34123934067912676 18
1744091127682 0.3246744542832358 19
1744091155582 0.33230373829322607 20
1744091182791 0.3309733362413977 21
1744091210858 0.30455522132239216 22
1744091236918 0.3418687476460537 23
1744091264970 0.3375139819386139 24
1744091292614 0.3112249472650173 25
1744091320435 0.3146280236709328 26
