1742395144687 0.0 0
1742395171920 1.0 1
1742395195893 2.0 2
1742395218982 3.0 3
1742395242356 4.0 4
1742395265355 5.0 5
1742395288632 6.0 6
1742395313130 7.0 7
1742395337003 8.0 8
1742395356724 9.0 9
1742395376692 10.0 10
1742395397759 11.0 11
1742395421985 12.0 12
1742395448176 13.0 13
1742395473232 14.0 14
1742395495948 15.0 15
1742395520279 16.0 16
1742395542482 17.0 17
1742395569533 18.0 18
1742395591226 19.0 19
1742395610750 20.0 20
1742395632505 21.0 21
1742395655128 22.0 22
1742395677803 23.0 23
1742395701013 24.0 24
1742395723730 25.0 25
1742395746775 26.0 26
