1742395144659 0.7333118776317502 0
1742395171887 0.6308410906645118 1
1742395195865 0.6276837015738252 2
1742395218956 0.6274937016309284 3
1742395242331 0.6621766079400406 4
1742395265325 0.5910713243924204 5
1742395288607 0.5607479179247481 6
1742395313102 0.5536192165779286 7
1742395336981 0.5366193229546312 8
1742395356705 0.5341504312685279 9
1742395376672 0.4799155790786274 10
1742395397734 0.47545997529733375 11
1742395421955 0.4706810429447987 12
1742395448151 0.4775201600106036 13
1742395473211 0.4878315840710382 14
1742395495925 0.4655963749182029 15
1742395520252 0.47597470317707685 16
1742395542461 0.4546899252006265 17
1742395569504 0.4568512175293242 18
1742395591206 0.44599522393746455 19
1742395610726 0.4597320053421083 20
1742395632479 0.4348056904483037 21
1742395655106 0.43768045110780684 22
1742395677776 0.4221894279366634 23
1742395700985 0.42628610244051357 24
1742395723703 0.4015601873397827 25
1742395746750 0.43505167216062546 26
