1742395144659 nan 0
1742395171887 nan 1
1742395195865 nan 2
1742395218956 nan 3
1742395242331 nan 4
1742395265325 nan 5
1742395288607 nan 6
1742395313102 nan 7
1742395336981 nan 8
1742395356705 nan 9
1742395376672 nan 10
1742395397734 nan 11
1742395421955 nan 12
1742395448151 nan 13
1742395473211 nan 14
1742395495925 nan 15
1742395520252 nan 16
1742395542461 nan 17
1742395569504 nan 18
1742395591206 nan 19
1742395610726 nan 20
1742395632479 nan 21
1742395655106 nan 22
1742395677776 nan 23
1742395700985 nan 24
1742395723703 nan 25
1742395746750 nan 26
