1742395144659 0.9395468727242752 0
1742395171887 0.6764782502270136 1
1742395195865 0.6402116008408245 2
1742395218956 0.6750361457406009 3
1742395242331 0.7484079000280529 4
1742395265325 0.5825762643677289 5
1742395288607 0.5291659766350125 6
1742395313102 0.5097033047407377 7
1742395336981 0.4877441774015544 8
1742395356705 0.5065118156384951 9
1742395376672 0.40540452903045004 10
1742395397734 0.39843940359280733 11
1742395421955 0.3691358789496246 12
1742395448151 0.4081523548506322 13
1742395473211 0.40902292380323174 14
1742395495925 0.376445181767044 15
1742395520252 0.38882400597766287 16
1742395542461 0.3507447824431736 17
1742395569504 0.3616292642498175 18
1742395591206 0.32569721717479044 19
1742395610726 0.3735558077784591 20
1742395632479 0.31527280352521136 21
1742395655106 0.3332812259981378 22
1742395677776 0.30133371804001147 23
1742395700985 0.31224456411923784 24
1742395723703 0.28199005902546354 25
1742395746750 0.33042338418728506 26
