1742395144659 0.9395468871368736 0
1742395171887 0.6764782640899791 1
1742395195865 0.6402116101845855 2
1742395218956 0.6750361563057684 3
1742395242331 0.7484079129138931 4
1742395265325 0.5825762718793799 5
1742395288607 0.5291659895819231 6
1742395313102 0.5097033112752632 7
1742395336981 0.48774418143219633 8
1742395356705 0.506511823921159 9
1742395376672 0.4054045358703273 10
1742395397734 0.3984394109212473 11
1742395421955 0.3691358846291655 12
1742395448151 0.4081523596141182 13
1742395473211 0.4090229290400128 14
1742395495925 0.37644519153066347 15
1742395520252 0.38882400835940584 16
1742395542461 0.3507447920732017 17
1742395569504 0.3616292723111014 18
1742395591206 0.3256972217550654 19
1742395610726 0.37355581558019413 20
1742395632479 0.3152728097543853 21
1742395655106 0.33328123358612666 22
1742395677776 0.30133372512417006 23
1742395700985 0.31224456989133853 24
1742395723703 0.28199006635390345 25
1742395746750 0.33042338875229244 26
