1744122297039 0.0 0
1744122320328 1.0 1
1744122345866 2.0 2
1744122372415 3.0 3
1744122396415 4.0 4
1744122421144 5.0 5
1744122444939 6.0 6
1744122470688 7.0 7
1744122492712 8.0 8
1744122513267 9.0 9
1744122535089 10.0 10
1744122558225 11.0 11
1744122579704 12.0 12
1744122601024 13.0 13
1744122622876 14.0 14
1744122643035 15.0 15
1744122662617 16.0 16
1744122681819 17.0 17
1744122700831 18.0 18
1744122720222 19.0 19
1744122739280 20.0 20
1744122759722 21.0 21
1744122785833 22.0 22
1744122806425 23.0 23
1744122826723 24.0 24
1744122847114 25.0 25
1744122867550 26.0 26
1744122888281 27.0 27
1744122909674 28.0 28
1744122934382 29.0 29
