1744018758211 0.0 0
1744018776301 1.0 1
1744018797058 2.0 2
1744018818507 3.0 3
1744018839388 4.0 4
1744018860014 5.0 5
1744018880534 6.0 6
1744018900619 7.0 7
1744018920772 8.0 8
1744018940467 9.0 9
1744018960182 10.0 10
1744018980059 11.0 11
1744019001825 12.0 12
1744019024449 13.0 13
1744019046741 14.0 14
1744019069501 15.0 15
1744019091387 16.0 16
1744019113271 17.0 17
1744019134969 18.0 18
1744019156789 19.0 19
1744019179328 20.0 20
1744019201025 21.0 21
1744019220608 22.0 22
1744019239211 23.0 23
1744019257728 24.0 24
1744019275966 25.0 25
1744019294106 26.0 26
1744019312482 27.0 27
1744019330701 28.0 28
1744019348978 29.0 29
