1744092839452 0.0 0
1744092872292 1.0 1
1744092905287 2.0 2
1744092934376 3.0 3
1744092962948 4.0 4
1744092991150 5.0 5
1744093019555 6.0 6
1744093047877 7.0 7
1744093076530 8.0 8
1744093105274 9.0 9
1744093134001 10.0 10
1744093162795 11.0 11
1744093192917 12.0 12
1744093217650 13.0 13
1744093243319 14.0 14
1744093269102 15.0 15
1744093294853 16.0 16
1744093321151 17.0 17
1744093346682 18.0 18
1744093372732 19.0 19
1744093398415 20.0 20
1744093423790 21.0 21
1744093450075 22.0 22
1744093475701 23.0 23
1744093501881 24.0 24
1744093525388 25.0 25
