1744092839383 1.0816176209426172 0
1744092872244 0.9463440540699704 1
1744092905240 0.8552301614043347 2
1744092934336 0.7587135556968143 3
1744092962904 0.7610445412022956 4
1744092991112 0.7957947199440859 5
1744093019504 0.7736004207286479 6
1744093047835 0.7328610777752631 7
1744093076485 0.8052939069498743 8
1744093105227 0.7062982333186862 9
1744093133961 0.7200191126656588 10
1744093162743 0.6420413707901653 11
1744093192882 0.5840753172530629 12
1744093217618 0.633873481310889 13
1744093243280 0.5575078242637714 14
1744093269063 0.5874771859967016 15
1744093294805 0.5573659134259692 16
1744093321107 0.5407930176066995 17
1744093346642 0.5898854378234514 18
1744093372695 0.5096676734665907 19
1744093398373 0.5772815659962618 20
1744093423750 0.5080708559600585 21
1744093450039 0.4788137839680314 22
1744093475660 0.5626953006689808 23
1744093501846 0.49944368072564244 24
1744093525353 0.512486215433032 25
