1744092839383 1.0816176328502718 0
1744092872244 0.9463440602431532 1
1744092905240 0.8552301711723452 2
1744092934336 0.7587135756602053 3
1744092962904 0.761044547816769 4
1744092991112 0.7957947285937481 5
1744093019504 0.7736004256322736 6
1744093047835 0.732861084771938 7
1744093076485 0.8052939281600421 8
1744093105227 0.7062982419719461 9
1744093133961 0.7200191372730693 10
1744093162743 0.6420413906701276 11
1744093192882 0.5840753270465819 12
1744093217618 0.6338734924793243 13
1744093243280 0.557507834962157 14
1744093269063 0.5874772000996793 15
1744093294805 0.557365926440622 16
1744093321107 0.5407930302326797 17
1744093346642 0.589885446868959 18
1744093372695 0.5096676733161583 19
1744093398373 0.5772815787645637 20
1744093423750 0.5080708687911268 21
1744093450039 0.4788137966858559 22
1744093475660 0.5626953180696144 23
1744093501846 0.49944369336132144 24
1744093525353 0.5124862184290027 25
