1744092839383 -0.23949728086230163 0
1744092872244 -0.040626988174531524 1
1744092905240 -0.0283672024974768 2
1744092934336 0.08002065862130893 3
1744092962904 0.11199594753016315 4
1744092991112 -0.0030209937075931846 5
1744093019504 -0.003982108859869853 6
1744093047835 0.1046848149537404 7
1744093076485 -0.0695822085912573 8
1744093105227 0.1591729544423816 9
1744093133961 0.08665490424430486 10
1744093162743 0.23682305611049267 11
1744093192882 0.35245823058650594 12
1744093217618 0.16159898649093496 13
1744093243280 0.3535134694479916 14
1744093269063 0.244831529886951 15
1744093294805 0.30724431838112093 16
1744093321107 0.3767933508310818 17
1744093346642 0.06331153313484866 18
1744093372695 0.36332386338347716 19
1744093398373 0.1860101324933134 20
1744093423750 0.4272907032230421 21
1744093450039 0.4628664770989344 22
1744093475660 0.22397106746393874 23
1744093501846 0.4344271038269501 24
1744093525353 0.3144331382786433 25
