1744092839383 0.8280675334939884 0
1744092872244 0.7710438180254273 1
1744092905240 0.7130786518347475 2
1744092934336 0.6716294217719874 3
1744092962904 0.682730133519279 4
1744092991112 0.7030540866672973 5
1744093019504 0.6771084848256995 6
1744093047835 0.668769250476804 7
1744093076485 0.6924282318365358 8
1744093105227 0.6503532741994907 9
1744093133961 0.6644941058958996 10
1744093162743 0.6278006760243205 11
1744093192882 0.5953035453912076 12
1744093217618 0.6221385323190604 13
1744093243280 0.5792769881034056 14
1744093269063 0.600989591952444 15
1744093294805 0.5867111189191642 16
1744093321107 0.5688490632974894 17
1744093346642 0.5915499062340991 18
1744093372695 0.5614311335809387 19
1744093398373 0.5865522245873948 20
1744093423750 0.5447791870843741 21
1744093450039 0.5382110015822503 22
1744093475660 0.5832481533571404 23
1744093501846 0.556744203931535 24
1744093525353 0.5587412757007658 25
