1744087468282 0.0 0
1744087496007 1.0 1
1744087522873 2.0 2
1744087548055 3.0 3
1744087575752 4.0 4
1744087601727 5.0 5
1744087629442 6.0 6
1744087660696 7.0 7
1744087690515 8.0 8
1744087725652 9.0 9
1744087758461 10.0 10
1744087791334 11.0 11
1744087817680 12.0 12
1744087854317 13.0 13
1744087885240 14.0 14
1744087909669 15.0 15
1744087933543 16.0 16
1744087957897 17.0 17
1744087982471 18.0 18
1744088007122 19.0 19
1744088031580 20.0 20
1744088056194 21.0 21
1744088079769 22.0 22
1744088100817 23.0 23
1744088121634 24.0 24
1744088142781 25.0 25
1744088163531 26.0 26
