1744087468241 0.8535330119680186 0
1744087495964 0.6538765486635145 1
1744087522840 0.49001906983187943 2
1744087548019 0.4935363109727375 3
1744087575714 0.40672389491171135 4
1744087601684 0.3504135129881687 5
1744087629378 0.3470771919752731 6
1744087660656 0.3668623665561441 7
1744087690475 0.35379350490745953 8
1744087725596 0.3769148930174405 9
1744087758421 0.32306901689191336 10
1744087791286 0.3595018022861637 11
1744087817638 0.35321894782732743 12
1744087854271 0.3012604655423125 13
1744087885201 0.28791402817749584 14
1744087909636 0.3020223875636937 15
1744087933511 0.2995832246102271 16
1744087957861 0.267726763411135 17
1744087982429 0.24108162265820582 18
1744088007082 0.2987227935771473 19
1744088031543 0.2613507896417477 20
1744088056159 0.265018352902815 21
1744088079739 0.2931580905970491 22
1744088100790 0.2554812954708201 23
1744088121604 0.2630056599002393 24
1744088142749 0.2739631166590042 25
1744088163500 0.26405843542736085 26
