1744087468241 0.8535329877503749 0
1744087495964 0.65387653809246 1
1744087522840 0.49001906119438354 2
1744087548019 0.4935362905659908 3
1744087575714 0.4067238870135006 4
1744087601684 0.35041350930690784 5
1744087629378 0.34707718680611055 6
1744087660656 0.3668623610251739 7
1744087690475 0.3537935022553308 8
1744087725596 0.3769148828085645 9
1744087758421 0.3230690088813309 10
1744087791286 0.3595017946919629 11
1744087817638 0.3532189371159257 12
1744087854271 0.3012604605723312 13
1744087885201 0.2879140209378504 14
1744087909636 0.3020223817414485 15
1744087933511 0.2995832193106252 16
1744087957861 0.26772676201824047 17
1744087982429 0.24108162050662457 18
1744088007082 0.29872279825869413 19
1744088031543 0.26135078551607 20
1744088056159 0.26501834398239654 21
1744088079739 0.2931580803163659 22
1744088100790 0.25548129193541763 23
1744088121604 0.263005656298689 24
1744088142749 0.27396311123160183 25
1744088163500 0.2640584296519256 26
