1744087468241 0.02607025820220584 0
1744087495964 0.15028366047292233 1
1744087522840 0.35749312107801556 2
1744087548019 0.3110900669294548 3
1744087575714 0.46709699518824555 4
1744087601684 0.5649410654160026 5
1744087629378 0.49706148942619116 6
1744087660656 0.43865442756489936 7
1744087690475 0.4066460646574084 8
1744087725596 0.43031024115188304 9
1744087758421 0.5570781048952564 10
1744087791286 0.4104224014833651 11
1744087817638 0.4441196755647138 12
1744087854271 0.501818020918482 13
1744087885201 0.6357737489269213 14
1744087909636 0.5684685904955574 15
1744087933511 0.5750834944677606 16
1744087957861 0.5525144497773742 17
1744087982429 0.686314322922655 18
1744088007082 0.5590578544314038 19
1744088031543 0.6631363118345157 20
1744088056159 0.5986370626348854 21
1744088079739 0.6107308626971812 22
1744088100790 0.6434369995723819 23
1744088121604 0.6302401945974183 24
1744088142749 0.5770192776231367 25
1744088163500 0.6408779476231551 26
