1744087468241 0.7160070228317876 0
1744087495964 0.6202058937600331 1
1744087522840 0.538894238351091 2
1744087548019 0.5459569947533257 3
1744087575714 0.48191344304470846 4
1744087601684 0.46251194110213995 5
1744087629378 0.43267178202564494 6
1744087660656 0.4539836058114488 7
1744087690475 0.43858667316024647 8
1744087725596 0.45761803213158325 9
1744087758421 0.4355389406687015 10
1744087791286 0.45010651206340685 11
1744087817638 0.43869521157584496 12
1744087854271 0.40975198606627133 13
1744087885201 0.39949366696156013 14
1744087909636 0.41233563722464994 15
1744087933511 0.40779452895697293 16
1744087957861 0.39465294716500576 17
1744087982429 0.3706490707928518 18
1744088007082 0.39611002613670737 19
1744088031543 0.3893697288104898 20
1744088056159 0.3861764829650349 21
1744088079739 0.4063486718258419 22
1744088100790 0.37440527141071306 23
1744088121604 0.3901364340119909 24
1744088142749 0.37887146281640816 25
1744088163500 0.38260516784309107 26
