1744039963953 0.0 0
1744039990518 1.0 1
1744040019736 2.0 2
1744040048191 3.0 3
1744040077445 4.0 4
1744040110140 5.0 5
1744040148423 6.0 6
1744040183178 7.0 7
1744040214410 8.0 8
1744040247535 9.0 9
1744040281168 10.0 10
1744040314712 11.0 11
1744040346502 12.0 12
1744040378064 13.0 13
1744040408407 14.0 14
1744040438640 15.0 15
1744040469590 16.0 16
1744040499713 17.0 17
1744040530331 18.0 18
1744040560594 19.0 19
1744040591387 20.0 20
1744040627580 21.0 21
1744040663189 22.0 22
1744040698239 23.0 23
1744040734018 24.0 24
1744040769676 25.0 25
1744040804988 26.0 26
1744040839649 27.0 27
1744040875147 28.0 28
1744040906278 29.0 29
